 Level:Superior
 100, 150, 1, 0, 0, 150, 100, 0, 0, 0, 0, 1, 1
 200, 150, 1, 0, 0, 150, 100, 0, 0, 0, 0, 0, 1
 300, 150, 1, 0, 0, 150, 100, 0, 0, 0, 0, 0, 1
 400, 150, 1, 0, 0, 150, 100, 0, 0, 0, 0, 0, 1

 500, 150, 1, 0, 0, 150, 100, 0, 0, 0, 0, 1, 1
 600, 150, 1, 0, 0, 150, 100, 0, 0, 0, 0, 0, 1
 700, 150, 1, 0, 0, 150, 100, 0, 0, 0, 0, 0, 1
 800, 150, 1, 0, 0, 150, 100, 0, 0, 0, 0, 0, 1

 900, 150, 1, 1, 2,  30,  50, 0, 0, 0, 0, 1, 1
 900, 150, 1, 1, 1, 150,  50, 0, 0, 0, 0, 0, 1
 940, 150, 1, 1, 2,  30,  50, 1, 5, 5, 2, 0, 1
 940, 150, 1, 1, 1, 140,  50, 0, 0, 0, 0, 0, 1
 980, 150, 1, 1, 2,  30,  50, 0, 0, 0, 0, 0, 1
 980, 150, 1, 1, 1, 130,  50, 0, 0, 0, 0, 0, 1
1000, 150, 1, 0, 0,   0,   0, 0, 0, 0, 0, 0, 1
1020, 150, 1, 1, 2,  30,  50, 0, 0, 0, 0, 0, 1
1020, 150, 1, 1, 1, 120,  50, 0, 0, 0, 0, 0, 1
1060, 150, 1, 1, 2,  30,   0, 0, 0, 0, 3, 0, 1
1060, 150, 1, 1, 1, 110,   0, 0, 0, 0, 0, 0, 1
1100, 150, 1, 1, 1,  30,  50, 1, 3, 3, 0, 0, 1
1100, 150, 1, 1, 2,  90,  50, 1, 3, 3, 0, 0, 1
1133, 150, 1, 1, 2,  30,  50, 0, 0, 0, 0, 0, 1
1133, 150, 1, 1, 1,  60,  50, 0, 0, 0, 1, 0, 1
1167, 150, 1, 1, 1,  30,   0, 0, 0, 0, 0, 0, 1
1167, 150, 1, 1, 2,  69,   0, 0, 0, 0, 0, 0, 1
1200, 150, 1, 1, 2,  30,  50, 1, 3, 3, 0, 0, 1
1200, 150, 1, 1, 1,  78,  50, 1, 3, 3, 0, 0, 1
1233, 150, 1, 1, 1,  30,  50, 0, 0, 0, 0, 0, 1
1233, 150, 1, 1, 2,  87,  50, 0, 0, 0, 0, 0, 1
1267, 150, 1, 1, 2,  30,   0, 0, 0, 0, 0, 0, 1
1267, 150, 1, 1, 1,  96,   0, 0, 0, 0, 0, 0, 1

1300, 150, 1, 1, 1,  30,  50, 0, 0, 0, 0, 1, 1
1300, 150, 1, 1, 2, 105,  50, 0, 0, 0, 0, 0, 1
1340, 150, 1, 1, 2,  30,  50, 1, 5, 5, 0, 0, 1
1340, 150, 1, 1, 1, 114,  50, 0, 0, 0, 0, 0, 1
1380, 150, 1, 1, 1,  30,  50, 0, 0, 0, 0, 0, 1
1380, 150, 1, 1, 2, 123,  50, 0, 0, 0, 0, 0, 1
1400, 150, 1, 0, 0,   0,   0, 0, 0, 0, 0, 0, 1
1420, 150, 1, 1, 2,  30,  50, 0, 0, 0, 0, 0, 1
1420, 150, 1, 1, 1, 132,  50, 0, 0, 0, 0, 0, 1
1460, 150, 1, 1, 1,  30,   0, 0, 0, 0, 0, 0, 1
1460, 150, 1, 1, 2, 141,   0, 0, 0, 0, 0, 0, 1
1500, 150, 1, 1, 2,  30,   0, 0, 0, 0, 0, 0, 1
1500, 150, 1, 1, 1, 150,   0,22, 3, 3, 0, 0, 1
1567, 150, 1, 1, 1,  30,   0, 0, 0, 0, 0, 0, 1
1567, 150, 1, 1, 2, 150,   0, 0, 0, 0, 0, 0, 1
1600, 150, 1, 0, 0,   0,   0, 0, 0, 0, 0, 0, 1
1633, 150, 1, 1, 2,  30,   0, 0, 0, 0, 0, 0, 1
1633, 150, 1, 1, 1, 150,   0, 0, 0, 0, 3, 0, 1

1700, 150, 1, 1, 1,  30,   0, 0, 0, 0, 0, 1, 1
1700, 150, 1, 1, 2, 105,   0,22, 3, 3, 0, 0, 1
1767, 150, 1, 1, 2,  30,   0, 0, 0, 0, 0, 0, 1
1800, 150, 1, 0, 0,   0,   0, 0, 0, 0, 0, 0, 1
1833, 150, 1, 1, 2,  30,   0, 0, 0, 0, 0, 0, 1
1883, 150, 1, 1, 2,  30,  25, 0, 0, 0, 0, 0, 1
1892, 150, 1, 1, 2,  30,   0, 0, 0, 0, 0, 0, 1
1900, 150, 1, 1, 1, 150,   0,22, 3, 3, 0, 0, 1
1950, 150, 1, 1, 1,  30,  25, 0, 0, 0, 0, 0, 1
1958, 150, 1, 1, 1,  30,   0, 0, 0, 0, 0, 0, 1
1967, 150, 1, 1, 2, 150,   0, 0, 0, 0, 0, 0, 1
2000, 150, 1, 0, 0,   0,   0, 0, 0, 0, 0, 0, 1
2017, 150, 1, 1, 2,  30,  25, 0, 0, 0, 0, 0, 1
2025, 150, 1, 1, 2,  30,   0, 0, 0, 0, 0, 0, 1
2033, 150, 1, 1, 1, 150,   0, 0, 0, 0, 0, 0, 1
2083, 150, 1, 1, 1,  30,  25, 0, 0, 0, 0, 0, 1
2092, 150, 1, 1, 1,  30,   0, 0, 0, 0, 0, 0, 1

2100, 150, 1, 1, 2, 150,  50, 0, 0, 0, 0, 1, 1
2150, 150, 1, 1, 2,  30,  13, 0, 0, 0, 0, 0, 1
2163, 150, 1, 1, 2,  30,  25, 0, 0, 0, 0, 0, 1
2175, 150, 1, 1, 1,  90,   0, 0, 0, 0, 0, 0, 1
2200, 150, 1, 1, 2,  30,  25, 0, 0, 0, 1, 0, 1
2225, 150, 1, 1, 1,  30,  13, 0, 0, 0, 0, 0, 1
2238, 150, 1, 1, 1,  30,  25, 0, 0, 0, 0, 0, 1
2250, 150, 1, 1, 2, 110,  25, 0, 0, 0, 0, 0, 1
2275, 150, 1, 1, 1,  30,   0, 0, 0, 0, 0, 0, 1
2300, 150, 1, 1, 2,  30,  13, 0, 0, 0, 0, 0, 1
2313, 150, 1, 1, 2,  30,  25, 0, 0, 0, 0, 0, 1
2325, 150, 1, 1, 1, 130,  25, 0, 0, 0, 0, 0, 1
2350, 150, 1, 1, 2,  30,  25, 0, 0, 0, 0, 0, 1
2375, 150, 1, 1, 1,  30,  13, 0, 0, 0, 0, 0, 1
2388, 150, 1, 1, 1,  30,   0, 0, 0, 0, 0, 0, 1
2400, 150, 1, 2, 2, 150,  25, 0, 0, 0, 0, 0, 1
2425, 150, 1, 1, 1,  30,  25, 0, 0, 0, 0, 0, 1
2450, 150, 1, 1, 2,  30,  13, 0, 0, 0, 0, 0, 1
2463, 150, 1, 1, 2,  30,  25, 0, 0, 0, 0, 0, 1
2475, 150, 1, 1, 1, 150,   0, 0, 0, 0, 0, 0, 1

2500, 150, 1, 1, 2,  30,  25, 0, 0, 0, 0, 1, 1
2525, 150, 1, 1, 1,  30,  13, 0, 0, 0, 3, 0, 1
2538, 150, 1, 1, 1,  30,  50, 0, 0, 0, 0, 0, 1
2550, 150, 1, 2, 2, 150,   0, 0, 0, 0, 0, 0, 1
2600, 150, 1, 1, 2, 150,  25, 0, 0, 0, 0, 0, 1
2617, 150, 1, 1, 1, 143,  25, 0, 0, 0, 0, 0, 1
2633, 150, 1, 1, 2, 136,  25, 0, 0, 0, 2, 0, 1
2650, 150, 1, 1, 1, 129,  25, 0, 0, 0, 0, 0, 1
2667, 150, 1, 1, 2, 122,  25, 0, 0, 0, 0, 0, 1
2683, 150, 1, 1, 1, 115,   0, 0, 0, 0, 0, 0, 1
2700, 150, 1, 1, 2, 108,  25, 0, 0, 0, 0, 0, 1
2717, 150, 1, 1, 1, 101,  25, 0, 0, 0, 0, 0, 1
2733, 150, 1, 1, 2,  94,  25, 0, 0, 0, 0, 0, 1
2750, 150, 1, 1, 1,  87,  25, 0, 0, 0, 0, 0, 1
2767, 150, 1, 1, 2,  80,  25, 0, 0, 0, 0, 0, 1
2783, 150, 1, 1, 1,  73,   0, 0, 0, 0, 3, 0, 1
2800, 150, 1, 1, 2,  66,  25, 1,4:3, 5, 0, 0, 1
2819, 150, 1, 1, 1,  30,  25, 0, 0, 0, 1, 0, 1
2838, 150, 1, 1, 2,  30,  25, 0, 0, 0, 0, 0, 1
2856, 150, 1, 1, 2,  30,   0, 0, 0, 0, 0, 0, 1
2875, 150, 1, 1, 1,  87,  25, 0, 0, 0, 0, 0, 1
2894, 150, 1, 1, 2,  30,  25, 0, 0, 0, 0, 0, 1

2900, 150, 1, 0, 0,   0,   0, 0, 0, 0, 0, 1, 1
2913, 150, 1, 1, 1,  30,  55, 0, 0, 0, 0, 0, 1
2931, 150, 1, 1, 1,  30,   0, 0, 0, 0, 0, 0, 1
2950, 150, 1, 1, 2, 108,  25, 0, 0, 0, 0, 0, 1
2969, 150, 1, 2, 1,  30,  25, 0, 0, 0, 0, 0, 1
2988, 150, 1, 1, 2,  30,  25, 0, 0, 0, 0, 0, 1
3000, 150, 1, 0, 0,   0,   0, 0, 0, 0, 0, 0, 1
3006, 150, 1, 1, 2,  30,   0, 0, 0, 0, 0, 0, 1
3025, 150, 1, 1, 1, 129,  25, 0, 0, 0, 0, 0, 1
3044, 150, 1, 1, 2,  30,  25, 0, 0, 0, 0, 0, 1
3063, 150, 1, 1, 1,  30,  25, 0, 0, 0, 0, 0, 1
3081, 150, 1, 1, 1,  30,   0, 0, 0, 0, 0, 0, 1
3100, 150, 1, 1, 2, 150,  25, 0, 0, 0, 0, 0, 1
3119, 150, 1, 1, 1,  30,  25, 0, 0, 0, 0, 0, 1
3138, 150, 1, 1, 2,  30,  25, 0, 0, 0, 0, 0, 1
3156, 150, 1, 1, 2,  30,   0, 0, 0, 0, 0, 0, 1
3175, 150, 1, 1, 1, 150,  25, 0, 0, 0, 3, 0, 1
3194, 150, 1, 1, 1, 120,  25, 0, 0, 0, 0, 0, 1
3200, 150, 1, 0, 0,   0,   0, 0, 0, 0, 0, 0, 1
3213, 150, 1, 1, 1,  90,  25, 0, 0, 0, 0, 0, 1
3231, 150, 1, 1, 1,  60,   0, 0, 0, 0, 0, 0, 1
3250, 150, 1, 2, 2, 150,  51, 0, 0, 0, 0, 0, 1

3300, 150, 1, 3, 2, 150,  50, 0, 0, 0, 0, 1, 1
3300, 150, 1, 3, 1, 150,  50, 0, 0, 0, 0, 0, 1
3350, 150, 1, 3, 2, 120,   0, 0, 0, 0, 2, 0, 1
3350, 150, 1, 3, 1, 120,   0, 0, 0, 0, 0, 0, 1
3400, 150, 1, 3, 2,  90,  50, 0, 0, 0, 0, 0, 1
3400, 150, 1, 3, 1,  90,  50, 0, 0, 0, 0, 0, 1
3450, 150, 1, 3, 2,  60,   0, 0, 0, 0, 3, 0, 1
3450, 150, 1, 3, 1,  60,   0, 0, 0, 0, 0, 0, 1
3500, 150, 1, 3, 2,  30,  50, 0, 0, 0, 0, 0, 1
3500, 150, 1, 3, 1,  30,  50, 0, 0, 0, 0, 0, 1
3550, 150, 1, 3, 2,  30,   0, 0, 0, 0, 0, 0, 1
3550, 150, 1, 3, 1,  30,   0, 0, 0, 0, 0, 0, 1

3600, 150, 1, 0, 0,   0,   0, 0, 0, 0, 0, 1, 1
3700, 150, 1, 1, 2,  30,  13, 0, 0, 0, 0, 0, 1
3713, 150, 1, 1, 2,  37,  13, 0, 0, 0, 0, 0, 1
3725, 150, 1, 1, 1,  44,  13, 0, 0, 0, 0, 0, 1
3738, 150, 1, 1, 1,  51,  13, 0, 0, 0, 0, 0, 1
3750, 150, 1, 1, 2,  58,  13, 0, 0, 0, 0, 0, 1
3763, 150, 1, 1, 2,  65,  13, 0, 0, 0, 0, 0, 1
3775, 150, 1, 1, 1,  72,  13, 0, 0, 0, 0, 0, 1
3788, 150, 1, 1, 1,  79,   0, 0, 0, 0, 0, 0, 1
3800, 150, 1, 1, 2,  86,  13, 0, 0, 0, 0, 0, 1
3813, 150, 1, 1, 2,  94,  13, 0, 0, 0, 0, 0, 1
3825, 150, 1, 1, 1, 102,  13, 0, 0, 0, 0, 0, 1
3838, 150, 1, 1, 1, 110,  13, 0, 0, 0, 0, 0, 1
3850, 150, 1, 1, 2, 118,  13, 0, 0, 0, 0, 0, 1
3863, 150, 1, 1, 2, 126,  13, 0, 0, 0, 0, 0, 1
3875, 150, 1, 1, 1, 134,  13, 0, 0, 0, 0, 0, 1
3888, 150, 1, 1, 1, 142,   0, 0, 0, 0, 0, 0, 1
3900, 150, 1, 2, 2, 150,   0, 0, 0, 0, 0, 0, 1

4000, 150, 1, 1, 2, 150,  25, 1, 6, 3, 0, 1, 1
4017, 150, 1, 1, 1,  30,  25, 0, 0, 0, 0, 0, 1
4033, 150, 1, 1, 1,  30,  25, 0, 0, 0, 0, 0, 1
4050, 150, 1, 1, 2, 150,  25, 0, 0, 0, 0, 0, 1
4067, 150, 1, 1, 2, 150,  25, 0, 0, 0, 0, 0, 1
4083, 150, 1, 1, 1,  30,   0, 0, 0, 0, 0, 0, 1
4100, 150, 1, 1, 1,  30,  25, 1, 6, 3, 0, 0, 1
4117, 150, 1, 1, 2, 150,  25, 0, 0, 0, 0, 0, 1
4133, 150, 1, 1, 2, 150,  25, 0, 0, 0, 0, 0, 1
4150, 150, 1, 1, 1,  30,  25, 0, 0, 0, 0, 0, 1
4167, 150, 1, 1, 1,  30,  25, 0, 0, 0, 0, 0, 1
4183, 150, 1, 1, 2, 150,   0, 0, 0, 0, 0, 0, 1
4200, 150, 1, 1, 2, 150,  25, 1, 6, 3, 0, 0, 1
4217, 150, 1, 1, 1,  30,  25, 0, 0, 0, 0, 0, 1
4233, 150, 1, 1, 1,  30,  25, 0, 0, 0, 0, 0, 1
4250, 150, 1, 1, 2, 150,  25, 0, 0, 0, 0, 0, 1
4267, 150, 1, 1, 2, 150,  25, 0, 0, 0, 0, 0, 1
4283, 150, 1, 1, 1,  30,   0, 0, 0, 0, 0, 0, 1
4300, 150, 1, 1, 1,  30,  25, 1, 6, 3, 0, 0, 1
4317, 150, 1, 1, 2, 150,  25, 0, 0, 0, 0, 0, 1
4333, 150, 1, 1, 2, 150,  25, 0, 0, 0, 0, 0, 1
4350, 150, 1, 1, 1,  30,  25, 0, 0, 0, 0, 0, 1
4367, 150, 1, 1, 1,  30,  25, 0, 0, 0, 0, 0, 1
4383, 150, 1, 1, 2, 150,   0, 0, 0, 0, 0, 0, 1

4400, 150, 1, 1, 2, 150,   0, 0, 0, 0, 0, 1, 1
4500, 150, 1, 2, 1, 150,   0, 0, 0, 0, 0, 0, 1

4600, 150, 1, 1, 1,  30,  25, 0, 0, 0, 0, 1, 1
4600, 150, 1, 1, 2, 150,  25, 0, 0, 0, 0, 0, 1
4625, 150, 1, 1, 2, 150,  25, 0, 0, 0, 0, 0, 1
4650, 150, 1, 1, 1, 150,   0, 0, 0, 0, 0, 0, 1
4675, 150, 1, 1, 1,  30,  25, 0, 0, 0, 0, 0, 1
4675, 150, 1, 1, 2, 150,  25, 0, 0, 0, 0, 0, 1
4700, 150, 1, 1, 2, 150,  25, 0, 0, 0, 0, 0, 1
4725, 150, 1, 1, 1,  30,   0, 0, 0, 0, 0, 0, 1
4750, 150, 1, 1, 1,  30,  25, 0, 0, 0, 0, 0, 1
4750, 150, 1, 1, 2, 150,  25, 0, 0, 0, 0, 0, 1
4775, 150, 1, 1, 2, 150,  13, 0, 0, 0, 0, 0, 1
4788, 150, 1, 1, 2, 150,  25, 0, 0, 0, 0, 0, 1
4800, 150, 1, 1, 1,  30,   0, 0, 0, 0, 0, 1, 1

4825, 150, 1, 1, 1,  30,  25, 0, 0, 0, 0, 0, 1
4825, 150, 1, 1, 2, 150,  25, 0, 0, 0, 0, 0, 1
4850, 150, 1, 1, 2, 150,  25, 0, 0, 0, 0, 0, 1
4875, 150, 1, 1, 1, 150,   0, 0, 0, 0, 0, 0, 1
4900, 150, 1, 1, 1,  30,  25, 0, 0, 0, 0, 0, 1
4900, 150, 1, 1, 2, 150,  25, 0, 0, 0, 0, 0, 1
4925, 150, 1, 1, 2, 150,  25, 0, 0, 0, 0, 0, 1
4950, 150, 1, 1, 1,  30,   0, 0, 0, 0, 0, 0, 1
4975, 150, 1, 1, 1,  30,  25, 0, 0, 0, 0, 0, 1
4975, 150, 1, 1, 2, 150,  25, 0, 0, 0, 0, 0, 1
5000, 150, 1, 1, 2, 150,  13, 0, 0, 0, 0, 0, 1
5013, 150, 1, 1, 2, 150,  25, 0, 0, 0, 0, 0, 1
5025, 150, 1, 1, 1,  30,   0, 0, 0, 0, 0, 0, 1
5050, 150, 1, 1, 1,  30,  25, 0, 0, 0, 0, 0, 1
5050, 150, 1, 1, 2, 150,  25, 0, 0, 0, 0, 0, 1
5075, 150, 1, 1, 2, 150,   0, 0, 0, 0, 0, 0, 1

5100, 150, 1, 1, 1,  30,  25, 0, 0, 0, 0, 1, 1
5125, 150, 1, 1, 1,  30,  25, 0, 0, 0, 0, 0, 1
5125, 150, 1, 1, 2, 150,  25, 0, 0, 0, 0, 0, 1
5150, 150, 1, 1, 2, 150,  25, 0, 0, 0, 0, 0, 1
5175, 150, 1, 1, 2,  30,   0, 0, 0, 0, 0, 0, 1
5175, 150, 1, 1, 1, 150,   0, 0, 0, 0, 0, 0, 1
5200, 150, 1, 1, 1, 150,  25, 0, 0, 0, 0, 0, 1
5225, 150, 1, 1, 1,  30,  25, 0, 0, 0, 0, 0, 1
5225, 150, 1, 1, 2, 150,  25, 0, 0, 0, 0, 0, 1
5250, 150, 1, 1, 2, 150,  25, 0, 0, 0, 0, 0, 1
5275, 150, 1, 1, 1,  30,   0, 0, 0, 0, 0, 0, 1
5300, 150, 1, 2, 2, 150,  50, 1, 3, 3, 0, 0, 1
5333, 150, 1, 1, 2,  30,  50, 0, 0, 0, 0, 0, 1
5333, 150, 1, 1, 1,  90,  50, 0, 0, 0, 0, 0, 1
5367, 150, 1, 1, 1,  30,   0, 0, 0, 0, 0, 0, 1
5367, 150, 1, 1, 2,  90,   0, 0, 0, 0, 0, 0, 1
5400, 150, 1, 1, 2,  30,  50, 1, 3, 3, 0, 0, 1
5400, 150, 1, 1, 1,  90,  50, 0, 0, 0, 0, 0, 1
5433, 150, 1, 1, 1,  30,  50, 0, 0, 0, 0, 0, 1
5433, 150, 1, 1, 2,  90,  50, 0, 0, 0, 0, 0, 1
5467, 150, 1, 1, 2,  30,   0, 0, 0, 0, 0, 0, 1
5467, 150, 1, 1, 1,  90,   0, 0, 0, 0, 0, 0, 1

5500, 150, 1, 1, 2, 150,  50, 0, 0, 0, 0, 1, 1
5533, 150, 1, 1, 2,  30,  50, 0, 0, 0, 2, 0, 1
5533, 150, 1, 1, 1, 150,  50, 0, 0, 0, 0, 0, 1
5567, 150, 1, 1, 2,  30,  50, 0, 0, 0, 0, 0, 1
5567, 150, 1, 1, 1,  90,  50, 0, 0, 0, 0, 0, 1
5600, 150, 1, 1, 1,  30,   0, 0, 0, 0, 3, 0, 1

5633, 150, 1, 2, 2, 150,  50, 0, 0, 0, 0, 0, 1
5667, 150, 1, 1, 2,  30,  50, 0, 0, 0, 2, 0, 1
5667, 150, 1, 1, 1, 150,  50, 0, 0, 0, 0, 0, 1
5700, 150, 1, 1, 2,  30,  50, 0, 0, 0, 0, 0, 1
5700, 150, 1, 1, 1,  90,  50, 0, 0, 0, 0, 0, 1
5733, 150, 1, 1, 1,  30,   0, 0, 0, 0, 3, 0, 1

5767, 150, 1, 1, 2, 150,  50, 0, 0, 0, 0, 0, 1
5800, 150, 1, 1, 2,  30,  50, 0, 0, 0, 2, 0, 1
5800, 150, 1, 1, 1, 150,  50, 0, 0, 0, 0, 0, 1
5833, 150, 1, 1, 2,  30,  50, 0, 0, 0, 0, 0, 1
5833, 150, 1, 1, 1,  90,  50, 0, 0, 0, 0, 0, 1
5867, 150, 1, 1, 1,  30,   0, 0, 0, 0, 3, 0, 1

5900, 150, 1, 2, 2, 150,  50, 0, 0, 0, 0, 1, 1
5933, 150, 1, 1, 2,  30,  50, 0, 0, 0, 2, 0, 1
5933, 150, 1, 1, 1, 150,  50, 0, 0, 0, 0, 0, 1
5967, 150, 1, 1, 2,  30,  50, 0, 0, 0, 0, 0, 1
5967, 150, 1, 1, 1,  90,  50, 0, 0, 0, 0, 0, 1
6000, 150, 1, 1, 1,  30,   0, 0, 0, 0, 3, 0, 1

6033, 150, 1, 1, 2,  30,  50, 0, 0, 0, 0, 0, 1
6067, 150, 1, 1, 2, 150,  25, 0, 0, 0, 0, 0, 1
6083, 150, 1, 1, 1, 150,  50, 0, 0, 0, 0, 0, 1
6100, 150, 1, 1, 2, 150,  50, 0, 0, 0, 0, 0, 1
6133, 150, 1, 1, 1, 150,   0, 0, 0, 0, 0, 0, 1

6167, 150, 1, 2, 2, 150,   0, 0, 0, 0, 0, 0, 1
6211, 150, 1, 1, 2,  30,   0, 0, 0, 0, 0, 0, 1
6211, 150, 1, 1, 1, 150,   0, 0, 0, 0, 0, 0, 1
6256, 150, 1, 1, 2,  30,   0, 0, 0, 0, 0, 0, 1
6256, 150, 1, 1, 1, 150,   0, 0, 0, 0, 0, 0, 1

6300, 150, 1, 1, 2, 150,  13, 0, 0, 0, 0, 1, 1
6313, 150, 1, 1, 1, 150,  25, 0, 0, 0, 0, 0, 1
6325, 150, 1, 1, 2,  90,  25, 0, 0, 0, 0, 0, 1
6350, 150, 1, 1, 1,  90,  25, 0, 0, 0, 0, 0, 1
6375, 150, 1, 1, 2,  90,   0, 0, 0, 0, 0, 0, 1
6400, 150, 1, 1, 1,  90,  25, 0, 0, 0, 0, 0, 1
6425, 150, 1, 1, 2, 150,  13, 0, 0, 0, 0, 0, 1
6438, 150, 1, 1, 1, 150,  25, 0, 0, 0, 0, 0, 1
6450, 150, 1, 1, 2,  90,  25, 0, 0, 0, 0, 0, 1
6475, 150, 1, 1, 1,  90,   0, 0, 0, 0, 0, 0, 1
6500, 150, 1, 2, 2, 150,  25, 0, 0, 0, 0, 0, 1
6525, 150, 1, 2, 1, 150,  25, 0, 0, 0, 0, 0, 1
6550, 150, 1, 2, 2, 150,  25, 0, 0, 0, 0, 0, 1
6575, 150, 1, 2, 1, 150,   0, 0, 0, 0, 0, 0, 1

6600, 150, 1, 0, 0,   0, 100, 0, 0, 0, 0, 1, 1
6700, 150, 1, 1, 2,  90,  25, 1, 6, 3, 0, 0, 1
6717, 150, 1, 1, 1,  90,  25, 0, 0, 0, 0, 0, 1
6733, 150, 1, 1, 2,  90,  25, 0, 0, 0, 0, 0, 1
6750, 150, 1, 1, 1,  90,  25, 0, 0, 0, 0, 0, 1
6767, 150, 1, 1, 2,  90,  25, 0, 0, 0, 0, 0, 1
6783, 150, 1, 1, 1,  90,   0, 0, 0, 0, 0, 0, 1
6800, 150, 1, 1, 2,  90,  25, 1, 6, 3, 0, 0, 1
6817, 150, 1, 1, 1,  90,  25, 0, 0, 0, 0, 0, 1
6833, 150, 1, 1, 2,  90,  25, 0, 0, 0, 0, 0, 1
6850, 150, 1, 1, 1,  90,  25, 0, 0, 0, 0, 0, 1
6867, 150, 1, 1, 2,  90,  25, 0, 0, 0, 0, 0, 1
6883, 150, 1, 1, 1,  90,   0, 0, 0, 0, 0, 0, 1
6900, 150, 1, 1, 2,  90,  25, 1, 3, 3, 0, 0, 1
6917, 150, 1, 1, 2, 100,  25, 0, 0, 0, 0, 0, 1
6933, 150, 1, 1, 1, 110,  25, 0, 0, 0, 1, 0, 1
6950, 150, 1, 1, 1, 120,  25, 0, 0, 0, 0, 0, 1
6967, 150, 1, 1, 2, 130,  25, 0, 0, 0, 0, 0, 1
6983, 150, 1, 1, 2, 140,   0, 0, 0, 0, 3, 0, 1

7000, 150, 1, 1, 1, 150,  50, 0, 0, 0, 0, 1, 1
7029, 150, 1, 1, 2, 130,  50, 0, 0, 0, 0, 0, 1
7057, 150, 1, 1, 2, 110,  50, 1, 7, 7, 2, 0, 1
7086, 150, 1, 1, 2,  90,  50, 0, 0, 0, 0, 0, 1
7100, 150, 1, 0, 0,   0,   0, 0, 0, 0, 0, 0, 1
7114, 150, 1, 1, 2,  70,  50, 0, 0, 0, 0, 0, 1
7143, 150, 1, 1, 2,  50,  50, 0, 0, 0, 0, 0, 1
7171, 150, 1, 1, 2,  30,   0, 0, 0, 0, 3, 0, 1
7200, 150, 1, 1, 1, 150,  59, 1, 3, 3, 0, 0, 1
7233, 150, 1, 1, 2,  30,  25, 0, 0, 0, 0, 0, 1
7250, 150, 1, 1, 1, 150,  25, 0, 0, 0, 0, 0, 1
7267, 150, 1, 1, 2,  30,  25, 0, 0, 0, 0, 0, 1
7283, 150, 1, 1, 2,  30,   0, 0, 0, 0, 0, 0, 1
7300, 150, 1, 1, 1, 150,  50, 1, 3, 3, 0, 0, 1
7333, 150, 1, 1, 2, 150,  25, 0, 0, 0, 0, 0, 1
7350, 150, 1, 1, 1, 150,  25, 0, 0, 0, 0, 0, 1
7367, 150, 1, 1, 2, 150,  25, 0, 0, 0, 0, 0, 1
7383, 150, 1, 1, 1, 150,   0, 0, 0, 0, 0, 0, 1

7400, 150, 1, 1, 2,  30,  25,12, 3, 3, 0, 1, 1
7417, 150, 1, 1, 2,  30,  25, 0, 0, 0, 0, 0, 1
7433, 150, 1, 1, 1,  30,  25, 0, 0, 0, 0, 0, 1
7450, 150, 1, 1, 1,  30,  25, 0, 0, 0, 0, 0, 1
7467, 150, 1, 1, 2, 150,  25, 0, 0, 0, 0, 0, 1
7483, 150, 1, 1, 1, 150,   0, 0, 0, 0, 0, 0, 1
7500, 150, 1, 1, 2, 150,  25, 0, 0, 0, 0, 0, 1
7517, 150, 1, 1, 1, 150,  25, 0, 0, 0, 0, 0, 1
7533, 150, 1, 1, 2,  30,  25, 0, 0, 0, 0, 0, 1
7550, 150, 1, 1, 2,  30,  25, 0, 0, 0, 0, 0, 1
7567, 150, 1, 1, 1,  30,  25, 0, 0, 0, 0, 0, 1
7583, 150, 1, 1, 1,  30,   0, 0, 0, 0, 0, 0, 1
7600, 150, 1, 1, 2, 150,  25, 2, 6, 3, 0, 0, 1
7617, 150, 1, 1, 1,  30,  25, 0, 0, 0, 0, 0, 1
7633, 150, 1, 1, 2, 150,  25, 0, 0, 0, 0, 0, 1
7650, 150, 1, 1, 1,  30,  25, 0, 0, 0, 0, 0, 1
7667, 150, 1, 1, 2, 150,  25, 0, 0, 0, 0, 0, 1
7683, 150, 1, 1, 1,  30,   0, 0, 0, 0, 0, 0, 1
7700, 150, 1, 1, 2, 150,  25, 1, 6, 3, 0, 0, 1
7717, 150, 1, 1, 1,  30,  25, 0, 0, 0, 0, 0, 1
7733, 150, 1, 1, 2,  30,  25, 0, 0, 0, 0, 0, 1
7750, 150, 1, 1, 2,  30,  25, 0, 0, 0, 0, 0, 1
7767, 150, 1, 1, 1,  30,  25, 0, 0, 0, 0, 0, 1
7783, 150, 1, 1, 1,  30,   0, 0, 0, 0, 0, 0, 1

7800, 150, 1, 1, 2,  30,  25, 1, 5, 5, 0, 1, 1
7820, 150, 1, 1, 1, 150,  25, 0, 0, 0, 0, 0, 1
7840, 150, 1, 1, 2,  30,  25, 0, 0, 0, 0, 0, 1
7860, 150, 1, 1, 1, 150,  25, 0, 0, 0, 0, 0, 1
7880, 150, 1, 1, 2,  30,   0, 0, 0, 0, 0, 0, 1
7900, 150, 1, 1, 1, 150,  25, 1, 5, 5, 0, 0, 1
7920, 150, 1, 1, 2,  30,  25, 0, 0, 0, 0, 0, 1
7940, 150, 1, 1, 1, 150,  25, 0, 0, 0, 0, 0, 1
7960, 150, 1, 1, 2,  30,  25, 0, 0, 0, 0, 0, 1
7980, 150, 1, 1, 1, 150,   0, 0, 0, 0, 0, 0, 1
8000, 150, 1, 1, 2, 150,  25, 0, 0, 0, 0, 0, 1
8025, 150, 1, 1, 1,  30,  13, 0, 0, 0, 0, 0, 1
8038, 150, 1, 1, 1,  30,  13, 0, 0, 0, 0, 0, 1
8050, 150, 1, 1, 2,  30,  13, 0, 0, 0, 0, 0, 1
8063, 150, 1, 1, 2,  30,  13, 0, 0, 0, 0, 0, 1
8075, 150, 1, 1, 1,  30,  13, 0, 0, 0, 0, 0, 1
8088, 150, 1, 1, 1,  30,   0, 0, 0, 0, 0, 0, 1
8100, 150, 1, 1, 2,  30,  13, 0, 0, 0, 0, 0, 1
8113, 150, 1, 1, 2,  30,  13, 0, 0, 0, 0, 0, 1
8125, 150, 1, 1, 1,  30,  13, 0, 0, 0, 0, 0, 1
8138, 150, 1, 1, 1,  30,  13, 0, 0, 0, 0, 0, 1
8150, 150, 1, 1, 2,  30,  13, 0, 0, 0, 0, 0, 1
8163, 150, 1, 1, 2,  30,  13, 0, 0, 0, 0, 0, 1
8175, 150, 1, 1, 1,  30,  13, 0, 0, 0, 0, 0, 1
8188, 150, 1, 1, 1,  30,   0, 0, 0, 0, 0, 0, 1

8200, 150, 1, 1, 2,  30,  13, 0, 0, 0, 0, 0, 1
8213, 150, 1, 1, 2,  30,  13, 0, 0, 0, 0, 0, 1
8225, 150, 1, 1, 1,  30,  13, 0, 0, 0, 0, 0, 1
8238, 150, 1, 1, 1,  30,  13, 0, 0, 0, 0, 0, 1
8250, 150, 1, 1, 2,  30,  13, 0, 0, 0, 0, 0, 1
8263, 150, 1, 1, 2,  30,  13, 0, 0, 0, 0, 0, 1
8275, 150, 1, 1, 1,  30,  13, 0, 0, 0, 0, 0, 1
8288, 150, 1, 1, 1,  30,   0, 0, 0, 0, 0, 0, 1
8300, 150, 1, 2, 2, 150,   0, 0, 0, 0, 0, 0, 1
8400, 450, 1, 1, 2, 150,   0, 0, 0, 0, 0, 0, 1
8400, 450, 1, 1, 1, 150,   0, 0, 0, 0, 0, 0, 1
8700, 450, 1, 1, 2, 150,   0, 0, 0, 0, 0, 0, 1
8700, 450, 1, 1, 1, 150,   0, 0, 0, 0, 0, 0, 1

###

9000, 150, 1, 1, 1,  30,  50, 0, 0, 0, 0, 1, 1
9000, 150, 1, 1, 2,  90,  50, 0, 0, 0, 0, 0, 1
9050, 150, 1, 1, 2,  30,   0, 0, 0, 0, 0, 0, 1
9050, 150, 1, 1, 1,  90,   0, 0, 0, 0, 0, 0, 1
9100, 150, 1, 1, 1,  30,  26, 0, 0, 0, 0, 0, 1
9100, 150, 1, 1, 2,  90,  26, 0, 0, 0, 0, 0, 1
9125, 150, 1, 1, 1,  30,  52, 0, 0, 0, 0, 0, 1
9125, 150, 1, 1, 2,  90,  52, 0, 0, 0, 0, 0, 1
9175, 150, 1, 1, 2,  30,   0, 0, 0, 0, 0, 0, 1
9175, 150, 1, 1, 1,  90,   0, 0, 0, 0, 0, 0, 1
9200, 150, 1, 0, 0,   0,  25, 0, 0, 0, 0, 0, 1
9225, 150, 1, 1, 1,  30,  52, 0, 0, 0, 0, 0, 1
9225, 150, 1, 1, 2,  90,  52, 0, 0, 0, 0, 0, 1
9275, 150, 1, 1, 2,  30,   0, 0, 0, 0, 0, 0, 1
9275, 150, 1, 1, 1,  90,   0, 0, 0, 0, 0, 0, 1
9300, 150, 1, 1, 2,  30,  25, 0, 0, 0, 0, 0, 1
9325, 150, 1, 1, 1,  30,  50, 0, 0, 0, 0, 0, 1
9350, 150, 1, 1, 1,  30,   0, 0, 0, 0, 0, 0, 1
9350, 150, 1, 1, 2, 120,   0, 0, 0, 0, 0, 0, 1

9400, 150, 1, 1, 2,  30,  50, 0, 0, 0, 0, 1, 1
9400, 150, 1, 1, 1, 120,  50, 0, 0, 0, 0, 0, 1
9450, 150, 1, 1, 1,  30,  25, 0, 0, 0, 0, 0, 1
9450, 150, 1, 1, 2, 120,  25, 0, 0, 0, 0, 0, 1
9475, 150, 1, 1, 1, 120,   0, 0, 0, 0, 0, 0, 1
9500, 150, 1, 0, 0,   0,  25, 0, 0, 0, 0, 0, 1
9525, 150, 1, 1, 2,  30,  52, 0, 0, 0, 0, 0, 1
9525, 150, 1, 1, 1, 120,  52, 0, 0, 0, 0, 0, 1
9575, 150, 1, 1, 1,  30,   0, 0, 0, 0, 0, 0, 1
9575, 150, 1, 1, 2, 120,   0, 0, 0, 0, 0, 0, 1
9600, 150, 1, 0, 0,   0,  25, 0, 0, 0, 0, 0, 1
9625, 150, 1, 1, 2,  30,  25, 0, 0, 0, 0, 0, 1
9625, 150, 1, 1, 1, 120,  25, 0, 0, 0, 0, 0, 1
9650, 150, 1, 1, 2,  30,  25, 0, 0, 0, 0, 0, 1
9675, 150, 1, 1, 1,  30,   0, 0, 0, 0, 0, 0, 1
9700, 150, 1, 1, 2, 150,  25, 0, 0, 0, 0, 0, 1
9717, 150, 1, 1, 1, 150,  25, 0, 0, 0, 0, 0, 1
9733, 150, 1, 1, 2, 150,  25, 0, 0, 0, 0, 0, 1
9750, 150, 1, 1, 1, 150,  25, 0, 0, 0, 0, 0, 1
9767, 150, 1, 1, 2, 150,  25, 0, 0, 0, 0, 0, 1
9783, 150, 1, 1, 1, 150,   0, 0, 0, 0, 0, 0, 1

9800, 150, 1, 1, 2, 150,  25, 0, 0, 0, 0, 1, 1
9813, 150, 1, 0, 0,   0,   0, 0, 0, 0, 0, 0, 1
9825, 150, 1, 1, 1,  30,  13, 0, 0, 0, 0, 0, 1
9838, 150, 1, 1, 1,  30,  13, 0, 0, 0, 0, 0, 1
9850, 150, 1, 1, 2,  30,  13, 0, 0, 0, 0, 0, 1
9863, 150, 1, 1, 2,  30,  13, 0, 0, 0, 0, 0, 1
9875, 150, 1, 1, 1,  30,  13, 0, 0, 0, 0, 0, 1
9888, 150, 1, 1, 1,  30,   0, 0, 0, 0, 0, 0, 1
9900, 150, 1, 1, 2,  30,  13, 0, 0, 0, 0, 0, 1
9913, 150, 1, 1, 2,  30,  13, 0, 0, 0, 0, 0, 1
9925, 150, 1, 1, 1,  30,  13, 0, 0, 0, 0, 0, 1
9938, 150, 1, 1, 1,  30,  13, 0, 0, 0, 0, 0, 1
9950, 150, 1, 1, 2,  30,  13, 0, 0, 0, 0, 0, 1
9963, 150, 1, 1, 2,  30,  13, 0, 0, 0, 0, 0, 1
9975, 150, 1, 1, 1,  30,  13, 0, 0, 0, 0, 0, 1
9988, 150, 1, 1, 1,  30,   0, 0, 0, 0, 0, 0, 1
10000, 150, 1, 1, 2,  30,  13, 0, 0, 0, 0, 0, 1
10013, 150, 1, 1, 2,  30,  13, 0, 0, 0, 0, 0, 1
10025, 150, 1, 1, 1,  30,  13, 0, 0, 0, 0, 0, 1
10038, 150, 1, 1, 1,  30,  13, 0, 0, 0, 0, 0, 1
10050, 150, 1, 1, 2,  30,  13, 0, 0, 0, 0, 0, 1
10063, 150, 1, 1, 2,  30,  13, 0, 0, 0, 0, 0, 1
10075, 150, 1, 1, 1,  30,  13, 0, 0, 0, 0, 0, 1
10088, 150, 1, 1, 1,  30,   0, 0, 0, 0, 0, 0, 1
10100, 150, 1, 1, 2,  30,  13, 0, 0, 0, 0, 0, 1
10113, 150, 1, 1, 2,  30,  13, 0, 0, 0, 0, 0, 1
10125, 150, 1, 1, 1,  30,  13, 0, 0, 0, 0, 0, 1
10138, 150, 1, 1, 1,  30,  13, 0, 0, 0, 0, 0, 1
10150, 150, 1, 1, 2,  30,  13, 0, 0, 0, 0, 0, 1
10163, 150, 1, 1, 2,  30,  13, 0, 0, 0, 0, 0, 1
10175, 150, 1, 1, 1,  30,  13, 0, 0, 0, 0, 0, 1
10188, 150, 1, 1, 1,  30,   0, 0, 0, 0, 0, 0, 1

10200, 150, 1, 1, 2,  30,  13, 0, 0, 0, 0, 1, 1
10213, 150, 1, 1, 2,  30,  13, 0, 0, 0, 0, 0, 1
10225, 150, 1, 1, 1,  30,  13, 0, 0, 0, 0, 0, 1
10238, 150, 1, 1, 1,  30,  50, 0, 0, 0, 0, 0, 1
10250, 150, 1, 2, 2, 150,   0, 0, 0, 0, 0, 0, 1
10300, 150, 1, 1, 1, 150,  25, 0, 0, 0, 0, 0, 1
10325, 150, 1, 2, 2, 150,  52, 0, 0, 0, 0, 0, 1
10375, 150, 1, 1, 1, 150,   0, 0, 0, 0, 0, 0, 1
10400, 150, 1, 0, 0,   0,   0, 0, 0, 0, 0, 0, 1
10425, 150, 1, 2, 2, 150,  52, 0, 0, 0, 0, 0, 1
10475, 150, 1, 1, 1, 150,   0, 0, 0, 0, 0, 0, 1
10500, 150, 1, 1, 2, 150,  25, 0, 0, 0, 0, 0, 1
10525, 150, 1, 1, 1, 150,  25, 0, 0, 0, 0, 0, 1
10550, 150, 1, 1, 2, 150,  25, 0, 0, 0, 0, 0, 1
10575, 150, 1, 1, 1, 150,   0, 0, 0, 0, 0, 0, 1

10600, 150, 1, 2, 2, 150,  50, 0, 0, 0, 0, 1, 1
10650, 150, 1, 1, 1, 150,   0, 0, 0, 0, 0, 0, 1
10700, 150, 1, 1, 2,  30,  25, 1, 6, 3, 0, 0, 1
10717, 150, 1, 1, 1,  30,  25, 0, 0, 0, 0, 0, 1
10733, 150, 1, 1, 2,  30,  25, 0, 0, 0, 0, 0, 1
10750, 150, 1, 1, 1,  30,  25, 0, 0, 0, 0, 0, 1
10767, 150, 1, 1, 2,  30,  25, 0, 0, 0, 0, 0, 1
10783, 150, 1, 1, 1,  30,   0, 0, 0, 0, 0, 0, 1
10800, 150, 1, 1, 2, 150,  25, 1, 6, 3, 0, 0, 1
10817, 150, 1, 1, 1,  90,  25, 0, 0, 0, 0, 0, 1
10833, 150, 1, 1, 1,  90,  25, 0, 0, 0, 0, 0, 1
10850, 150, 1, 1, 2, 150,  25, 0, 0, 0, 0, 0, 1
10867, 150, 1, 1, 2,  90,  25, 0, 0, 0, 0, 0, 1
10883, 150, 1, 1, 2,  90,   0, 0, 0, 0, 0, 0, 1
10900, 150, 1, 1, 1, 150,  25, 1, 6, 3, 0, 0, 1
10917, 150, 1, 1, 2,  90,  25, 0, 0, 0, 0, 0, 1
10933, 150, 1, 1, 2,  90,  25, 0, 0, 0, 0, 0, 1
10950, 150, 1, 1, 1, 150,  25, 0, 0, 0, 0, 0, 1
10967, 150, 1, 1, 1,  90,  25, 0, 0, 0, 0, 0, 1
10983, 150, 1, 1, 1,  90,   0, 0, 0, 0, 0, 0, 1

11000, 150, 1, 1, 2, 150,  50, 0, 0, 0, 0, 1, 1
11050, 150, 1, 1, 1, 150,   0, 0, 0, 0, 0, 0, 1
11100, 150, 1, 1, 2, 150,  26, 0, 0, 0, 0, 0, 1
11125, 150, 1, 1, 1, 150,  52, 0, 0, 0, 0, 0, 1
11175, 150, 1, 1, 2, 150,   0, 0, 0, 0, 0, 0, 1
11200, 150, 1, 0, 0,   0,  25, 0, 0, 0, 0, 0, 1
11225, 150, 1, 1, 1, 150,  26, 0, 0, 0, 0, 0, 1
11250, 150, 1, 1, 2, 150,   0, 0, 0, 0, 0, 0, 1
11300, 150, 1, 0, 0,   0,  25, 0, 0, 0, 0, 0, 1
11325, 150, 1, 1, 1, 150,  25, 0, 0, 0, 0, 0, 1
11350, 150, 1, 1, 2, 150,  25, 0, 0, 0, 0, 0, 1
11375, 150, 1, 1, 1, 150,   0, 0, 0, 0, 0, 0, 1

11400, 150, 1, 1, 2, 150,  50, 0, 0, 0, 0, 1, 1
11450, 150, 1, 1, 2,  30,  13, 0, 0, 0, 0, 0, 1
11463, 150, 1, 1, 1,  30,  13, 0, 0, 0, 0, 0, 1
11475, 150, 1, 1, 2,  30,  13, 0, 0, 0, 0, 0, 1
11488, 150, 1, 1, 1,  30,   0, 0, 0, 0, 0, 0, 1
11500, 150, 1, 1, 2,  30,  50, 0, 0, 0, 0, 0, 1
11550, 150, 1, 1, 2,  90,  13, 0, 0, 0, 0, 0, 1
11563, 150, 1, 1, 1,  90,  13, 0, 0, 0, 0, 0, 1
11575, 150, 1, 1, 2,  90,  13, 0, 0, 0, 0, 0, 1
11588, 150, 1, 1, 1,  90,   0, 0, 0, 0, 0, 0, 1
11600, 150, 1, 1, 2,  90,  50, 0, 0, 0, 0, 0, 1
11650, 150, 1, 1, 2, 150,  13, 0, 0, 0, 0, 0, 1
11663, 150, 1, 1, 1, 150,  13, 0, 0, 0, 0, 0, 1
11675, 150, 1, 1, 2, 150,  13, 0, 0, 0, 0, 0, 1
11688, 150, 1, 1, 1, 150,   0, 0, 0, 0, 0, 0, 1
11700, 150, 1, 1, 2, 150,  50, 0, 0, 0, 0, 0, 1
11750, 150, 1, 1, 2, 150,  13, 0, 0, 0, 0, 0, 1
11763, 150, 1, 1, 1, 150,  13, 0, 0, 0, 0, 0, 1
11775, 150, 1, 1, 2, 150,  13, 0, 0, 0, 0, 0, 1
11788, 150, 1, 1, 1, 150,   0, 0, 0, 0, 0, 0, 1

11800, 150, 1, 1, 2, 150,  50, 0, 0, 0, 0, 1, 1
11850, 150, 1, 1, 2, 150,  25, 0, 0, 0, 0, 0, 1
11875, 150, 1, 1, 1, 150,   0, 0, 0, 0, 0, 0, 1
11900, 150, 1, 0, 0,   0,  25, 0, 0, 0, 0, 0, 1
11925, 150, 1, 1, 2, 150,  26, 0, 0, 0, 0, 0, 1
11950, 150, 1, 1, 1, 150,   0, 0, 0, 0, 0, 0, 1
12000, 150, 1, 1, 2, 150,   0, 0, 0, 0, 0, 0, 1
12000, 150, 1, 1, 1, 150,   0, 0, 0, 0, 0, 0, 1
12100, 150, 1, 1, 2, 150,   0, 0, 0, 0, 0, 0, 1
12108, 150, 1, 1, 1, 150,   0, 0, 0, 0, 0, 0, 1

12200, 150, 1, 1, 2,  30,  25, 1, 6, 6, 0, 1, 1
12217, 150, 1, 1, 1,  30,  25, 0, 0, 0, 0, 0, 1
12233, 150, 1, 1, 2,  30,  25, 0, 0, 0, 0, 0, 1
12250, 150, 1, 1, 1,  30,  25, 0, 0, 0, 0, 0, 1
12267, 150, 1, 1, 2,  30,  25, 0, 0, 0, 0, 0, 1
12283, 150, 1, 1, 1,  30,   0, 0, 0, 0, 0, 0, 1
12300, 150, 1, 1, 2,  30,  25, 1, 6, 6, 0, 0, 1
12317, 150, 1, 1, 1,  30,  25, 0, 0, 0, 0, 0, 1
12333, 150, 1, 1, 2,  30,  25, 0, 0, 0, 0, 0, 1
12350, 150, 1, 1, 1,  30,  25, 0, 0, 0, 0, 0, 1
12367, 150, 1, 1, 2,  30,  25, 0, 0, 0, 0, 0, 1
12383, 150, 1, 1, 1,  30,   0, 0, 0, 0, 0, 0, 1
12400, 150, 1, 1, 2,  60,  25,21, 3, 3, 0, 0, 1
12417, 150, 1, 1, 1,  30,  25, 0, 0, 0, 0, 0, 1
12433, 150, 1, 1, 2,  30,  25, 0, 0, 0, 0, 0, 1
12450, 150, 1, 1, 2,  00,   0, 0, 0, 0, 0, 0, 1
12467, 150, 1, 1, 1,  90,  25, 0, 0, 0, 0, 0, 1
12483, 150, 1, 1, 2,  30,  25, 0, 0, 0, 0, 0, 1
12500, 150, 1, 1, 1,  30,  25, 0, 0, 0, 0, 0, 1
12517, 150, 1, 1, 1,  30,   0, 0, 0, 0, 0, 0, 1
12533, 150, 1, 1, 2, 120,  25, 0, 0, 0, 0, 0, 1
12550, 150, 1, 1, 1,  30,  25, 0, 0, 0, 0, 0, 1
12567, 150, 1, 1, 2,  30,  25, 0, 0, 0, 0, 0, 1
12583, 150, 1, 1, 2,  30,   0, 0, 0, 0, 0, 0, 1

12600, 150, 1, 1, 1, 150,  25,22, 3, 3, 0, 1, 1
12617, 150, 1, 1, 2,  30,  25, 0, 0, 0, 0, 0, 1
12633, 150, 1, 1, 1,  30,  25, 0, 0, 0, 0, 0, 1
12650, 150, 1, 1, 1,  30,   0, 0, 0, 0, 0, 0, 1
12667, 150, 1, 1, 2, 150,  25, 0, 0, 0, 0, 0, 1
12683, 150, 1, 1, 1,  30,  25, 0, 0, 0, 0, 0, 1
12700, 150, 1, 1, 2,  30,  25, 0, 0, 0, 0, 0, 1
12717, 150, 1, 1, 2,  30,   0, 0, 0, 0, 0, 0, 1
12733, 150, 1, 1, 1, 150,  25, 0, 0, 0, 0, 0, 1
12750, 150, 1, 1, 2,  30,  25, 0, 0, 0, 0, 0, 1
12767, 150, 1, 1, 1,  30,  25, 0, 0, 0, 0, 0, 1
12783, 150, 1, 1, 1,  30,   0, 0, 0, 0, 0, 0, 1
12800, 150, 1, 1, 2, 150,  25,22, 3, 3, 0, 0, 1
12817, 150, 1, 1, 2, 140,  25, 0, 0, 0, 0, 0, 1
12833, 150, 1, 1, 2, 130,  25, 0, 0, 0, 0, 0, 1
12850, 150, 1, 1, 2, 120,   0, 0, 0, 0, 0, 0, 1
12867, 150, 1, 1, 1, 150,  25, 0, 0, 0, 0, 0, 1
12883, 150, 1, 1, 1, 140,  25, 0, 0, 0, 0, 0, 1
12900, 150, 1, 1, 1, 130,  25, 0, 0, 0, 0, 0, 1
12917, 150, 1, 1, 1, 120,   0, 0, 0, 0, 0, 0, 1
12933, 150, 1, 2, 2, 150,   0, 0, 0, 0, 0, 0, 1

13000, 150, 1, 0, 0,   0, 100, 0, 0, 0, 0, 1, 1
13100, 150, 1, 0, 0,   0, 100, 0, 0, 0, 0, 0, 1
13200,1200, 1, 1, 2, 150,   0, 0, 0, 0, 0, 0, 1
13200,1200, 1, 1, 1, 150,   0, 0, 0, 0, 0, 0, 1
14000, 150, 1, 0, 0,   0, 100, 0, 0, 0, 0, 0, 1

14100, 150, 1, 0, 0,   0,   0, 0, 0, 0, 0, 1, 1
