 Level:Advanced
 100, 158, 1, 0, 0, 150, 100, 0, 0, 0, 0, 1, 1
 200, 158, 1, 0, 0, 150, 100, 0, 0, 0, 0, 0, 1
 300, 158, 1, 0, 0, 150, 100, 0, 0, 0, 0, 0, 1
 400, 158, 1, 0, 0, 150, 100, 0, 0, 0, 0, 0, 1

 500, 158, 1, 0, 0, 150, 100, 0, 0, 0, 0, 1, 1
 600, 158, 1, 0, 0, 150, 100, 0, 0, 0, 0, 0, 1
 700, 158, 1, 0, 0, 150,  50, 0, 0, 0, 0, 0, 1
 750, 158, 1, 1, 1, 150,  51, 0, 0, 0, 0, 0, 1
 800, 158, 1, 2, 2, 150,   0, 0, 0, 0, 0, 0, 1

 900, 158, 1, 1, 2, 150,  50, 0, 0, 0, 0, 1, 1
 950, 158, 1, 1, 2,  30,  25, 0, 0, 0, 0, 0, 1
 975, 158, 1, 1, 2,  30,   0, 0, 0, 0, 0, 0, 1
1000, 158, 1, 1, 1, 150,  50, 0, 0, 0, 2, 0, 1
1050, 158, 1, 1, 1,  30,  25, 0, 0, 0, 0, 0, 1
1075, 158, 1, 1, 1,  30,   0, 0, 0, 0, 0, 0, 1
1100, 158, 1, 1, 2, 150,  50, 0, 0, 0, 0, 1, 1
1150, 158, 1, 1, 2,  30,  25, 0, 0, 0, 0, 0, 1
1175, 158, 1, 1, 2,  30,   0, 0, 0, 0, 0, 0, 1
1200, 158, 1, 1, 1, 150,  50, 0, 0, 0, 2, 0, 1
1250, 158, 1, 1, 1,  30,  25, 0, 0, 0, 0, 0, 1
1275, 158, 1, 1, 1,  30,   0, 0, 0, 0, 0, 0, 1

1300, 158, 1, 1, 2, 150,  50, 0, 0, 0, 0, 1, 1
1350, 158, 1, 1, 1, 150,   0, 0, 0, 0, 0, 0, 1
1400, 158, 1, 2, 2, 150,  50, 0, 0, 0, 0, 0, 1
1450, 158, 1, 1, 1, 150,  25, 0, 0, 0, 0, 0, 1
1475, 158, 1, 1, 2,  30,   0, 0, 0, 0, 0, 0, 1
1500, 158, 1, 1, 1,  30,  25, 0, 0, 0, 0, 0, 1
1525, 158, 1, 1, 1,  30,  50, 0, 0, 0, 0, 0, 1
1550, 158, 1, 1, 2, 150,   0, 0, 0, 0, 0, 0, 1
1600, 158, 1, 1, 1, 150,  50, 0, 0, 0, 0, 0, 1
1650, 158, 1, 1, 2, 150,  25, 0, 0, 0, 0, 0, 1
1675, 158, 1, 1, 1, 150,   0, 0, 0, 0, 0, 0, 1

1700, 158, 1, 1, 2, 150,  50, 0, 0, 0, 0, 1, 1
1750, 158, 1, 1, 2,  30,  25, 0, 0, 0, 0, 0, 1
1775, 158, 1, 1, 2,  30,   0, 0, 0, 0, 0, 0, 1
1800, 158, 1, 1, 1, 150,  50, 0, 0, 0, 2, 0, 1
1850, 158, 1, 1, 1,  30,  25, 0, 0, 0, 0, 0, 1
1875, 158, 1, 1, 1,  30,   0, 0, 0, 0, 0, 0, 1
1900, 158, 1, 1, 2, 150,  50, 0, 0, 0, 0, 1, 1
1950, 158, 1, 1, 2,  30,  25, 0, 0, 0, 0, 0, 1
1975, 158, 1, 1, 2,  30,   0, 0, 0, 0, 0, 0, 1
2000, 158, 1, 1, 1, 150,  50, 0, 0, 0, 2, 0, 1
2050, 158, 1, 1, 1,  30,  25, 0, 0, 0, 0, 0, 1
2075, 158, 1, 1, 1,  30,   0, 0, 0, 0, 0, 0, 1

2100, 158, 1, 1, 2, 150,  50, 0, 0, 0, 0, 1, 1
2150, 158, 1, 1, 1, 150,   0, 0, 0, 0, 0, 0, 1
2200, 158, 1, 2, 2, 150,  50, 0, 0, 0, 0, 0, 1
2250, 158, 1, 1, 1, 150,  25, 0, 0, 0, 0, 0, 1
2275, 158, 1, 1, 2,  30,   0, 0, 0, 0, 0, 0, 1
2300, 158, 1, 1, 1,  30,  25, 0, 0, 0, 0, 0, 1
2325, 158, 1, 1, 1,  30,  50, 0, 0, 0, 0, 0, 1
2350, 158, 1, 1, 2, 150,   0, 0, 0, 0, 0, 0, 1
2400, 158, 1, 1, 1, 150,  50, 0, 0, 0, 0, 0, 1
2450, 158, 1, 1, 2, 150,  25, 0, 0, 0, 0, 0, 1
2475, 158, 1, 1, 1, 150,   0, 0, 0, 0, 0, 0, 1

2500, 158, 1, 1, 2, 150,  50, 0, 0, 0, 0, 1, 1
2550, 158, 1, 1, 2,  30,  25, 0, 0, 0, 0, 0, 1
2575, 158, 1, 1, 2,  30,   0, 0, 0, 0, 0, 0, 1
2600, 158, 1, 1, 1, 150,  50, 0, 0, 0, 2, 0, 1
2650, 158, 1, 1, 1,  30,  25, 0, 0, 0, 0, 0, 1
2675, 158, 1, 1, 1,  30,   0, 0, 0, 0, 0, 0, 1
2700, 158, 1, 1, 2, 150,  50, 0, 0, 0, 0, 1, 1
2750, 158, 1, 1, 2,  30,  25, 0, 0, 0, 0, 0, 1
2775, 158, 1, 1, 2,  30,   0, 0, 0, 0, 0, 0, 1
2800, 158, 1, 1, 1, 150,  50, 0, 0, 0, 2, 0, 1
2850, 158, 1, 1, 1,  30,  25, 0, 0, 0, 0, 0, 1
2875, 158, 1, 1, 1,  30,   0, 0, 0, 0, 0, 0, 1

2900, 158, 1, 1, 2, 150,  50, 0, 0, 0, 0, 1, 1
2950, 158, 1, 1, 1, 150,   0, 0, 0, 0, 0, 0, 1
3000, 158, 1, 2, 2, 150,  50, 0, 0, 0, 0, 0, 1
3050, 158, 1, 1, 1, 150,  25, 0, 0, 0, 0, 0, 1
3075, 158, 1, 1, 2,  30,   0, 0, 0, 0, 0, 0, 1
3100, 158, 1, 1, 1,  30,  25, 0, 0, 0, 0, 0, 1
3125, 158, 1, 1, 1,  30,  50, 0, 0, 0, 0, 0, 1
3150, 158, 1, 1, 2, 150,   0, 0, 0, 0, 0, 0, 1
3200, 158, 1, 1, 1, 150,  50, 0, 0, 0, 0, 0, 1
3250, 158, 1, 1, 2, 150,  25, 0, 0, 0, 0, 0, 1
3275, 158, 1, 1, 1, 150,   0, 0, 0, 0, 0, 0, 1

3300, 158, 1, 1, 2, 150,  50, 0, 0, 0, 0, 1, 1
3350, 158, 1, 1, 2, 150,  50, 0, 0, 0, 0, 0, 1
3400, 158, 1, 1, 2, 150,  50, 0, 0, 0, 0, 0, 1
3450, 158, 1, 1, 2, 150,   0, 0, 0, 0, 0, 0, 1
3500, 158, 1, 1, 2, 150,  50, 0, 0, 0, 0, 0, 1
3550, 158, 1, 1, 2, 150,  50, 0, 0, 0, 0, 0, 1
3600, 158, 1, 1, 2, 150,  50, 0, 0, 0, 0, 0, 1
3650, 158, 1, 1, 2, 150,   0, 0, 0, 0, 0, 0, 1
3300, 158, 1, 1, 2, 150,  50, 0, 0, 0, 0, 0, 1
3350, 158, 1, 1, 2, 150,  50, 0, 0, 0, 0, 0, 1
3400, 158, 1, 1, 2, 150,  50, 0, 0, 0, 0, 0, 1
3450, 158, 1, 1, 2, 150,   0, 0, 0, 0, 0, 0, 1
3500, 158, 1, 1, 2, 150,  50, 0, 0, 0, 0, 0, 1
3550, 158, 1, 1, 2, 150,  50, 0, 0, 0, 0, 0, 1
3600, 158, 1, 1, 2, 150,  50, 0, 0, 0, 0, 0, 1
3650, 158, 1, 1, 2, 150,   0, 0, 0, 0, 0, 0, 1

3700, 158, 1, 1, 2, 150,  50, 0, 0, 0, 0, 1, 1
3750, 158, 1, 1, 2, 150,  50, 0, 0, 0, 0, 0, 1
3800, 158, 1, 1, 2, 150,  50, 0, 0, 0, 0, 0, 1
3850, 158, 1, 1, 2, 150,   0, 0, 0, 0, 0, 0, 1
3900, 158, 1, 1, 2, 150,  50, 0, 0, 0, 0, 0, 1
3950, 158, 1, 1, 2, 150,  50, 0, 0, 0, 0, 0, 1
4000, 158, 1, 1, 2, 150,  50, 0, 0, 0, 0, 0, 1
4050, 158, 1, 1, 2, 150,   0, 0, 0, 0, 0, 0, 1
4100, 158, 1, 1, 2, 150,  50, 0, 0, 0, 0, 0, 1
4150, 158, 1, 1, 2, 150,  50, 0, 0, 0, 0, 0, 1
4200, 158, 1, 1, 2, 150,  50, 0, 0, 0, 0, 0, 1
4250, 158, 1, 1, 2, 150,   0, 0, 0, 0, 0, 0, 1
4300, 158, 1, 1, 2, 150,  50, 0, 0, 0, 0, 0, 1
4350, 158, 1, 1, 2, 150,  50, 0, 0, 0, 0, 0, 1
4400, 158, 1, 1, 2, 150,  50, 0, 0, 0, 0, 0, 1
4450, 158, 1, 1, 2, 150,   0, 0, 0, 0, 0, 0, 1

4500, 158, 1, 1, 2, 150,  50, 0, 0, 0, 0, 1, 1
4550, 158, 1, 1, 2, 150,  50, 0, 0, 0, 0, 0, 1
4600, 158, 1, 1, 2, 150,  50, 0, 0, 0, 0, 0, 1
4650, 158, 1, 1, 2, 150,   0, 0, 0, 0, 0, 0, 1
4700, 158, 1, 1, 2, 150,  50, 0, 0, 0, 0, 0, 1
4750, 158, 1, 1, 2, 150,  50, 0, 0, 0, 0, 0, 1
4800, 158, 1, 1, 2, 150,  50, 0, 0, 0, 0, 0, 1
4850, 158, 1, 1, 2, 150,   0, 0, 0, 0, 0, 0, 1
4900, 158, 1, 1, 2, 150,  50, 0, 0, 0, 0, 0, 1
4950, 158, 1, 1, 2, 150,  50, 0, 0, 0, 0, 0, 1
5000, 158, 1, 1, 2, 150,  50, 0, 0, 0, 0, 0, 1
5050, 158, 1, 1, 2, 150,   0, 0, 0, 0, 0, 0, 1
5100, 158, 1, 1, 2, 150,  50, 0, 0, 0, 0, 0, 1
5150, 158, 1, 1, 2, 150,  50, 0, 0, 0, 0, 0, 1
5200, 158, 1, 1, 2, 150,  50, 0, 0, 0, 0, 0, 1
5250, 158, 1, 1, 2, 150,   0, 0, 0, 0, 0, 0, 1

5300, 158, 1, 1, 2, 150,  50, 0, 0, 0, 0, 1, 1
5350, 158, 1, 1, 2, 150,  50, 0, 0, 0, 0, 0, 1
5400, 158, 1, 1, 2, 150,  50, 0, 0, 0, 0, 0, 1
5450, 158, 1, 1, 2, 150,   0, 0, 0, 0, 0, 0, 1
5500, 158, 1, 1, 2, 150,  50, 0, 0, 0, 0, 0, 1
5550, 158, 1, 1, 2, 150,  50, 0, 0, 0, 0, 0, 1
5600, 158, 1, 1, 2, 150,  50, 0, 0, 0, 0, 0, 1
5650, 158, 1, 1, 2, 150,   0, 0, 0, 0, 0, 0, 1
5700, 158, 1, 1, 2, 150,  50, 0, 0, 0, 0, 0, 1
5750, 158, 1, 1, 2, 150,  50, 0, 0, 0, 0, 0, 1
5800, 158, 1, 1, 2, 150,  50, 0, 0, 0, 0, 0, 1
5850, 158, 1, 1, 2, 150,   0, 0, 0, 0, 0, 0, 1
5900, 158, 1, 1, 2, 150,  50, 0, 0, 0, 0, 0, 1
5950, 158, 1, 1, 2, 150,  50, 0, 0, 0, 0, 0, 1
6000, 158, 1, 1, 2, 150,  50, 0, 0, 0, 0, 0, 1
6050, 158, 1, 1, 2, 150,   0, 0, 0, 0, 0, 0, 1
