 Level:Superior
 100, 200, 1, 0, 0, 150, 100, 0, 0, 0, 0, 1, 1
 200, 200, 1, 0, 0, 150, 100, 0, 0, 0, 0, 0, 1
 300, 200, 1, 0, 0, 150, 100, 0, 0, 0, 0, 0, 1
 400, 200, 1, 0, 0, 150, 100, 0, 0, 0, 0, 0, 1

 500, 200, 1, 0, 0, 150, 100, 0, 0, 0, 0, 1, 1
 600, 200, 1, 0, 0, 150, 100, 0, 0, 0, 0, 0, 1
 700, 200, 1, 0, 0, 150, 100, 0, 0, 0, 0, 0, 1
 800, 200, 1, 0, 0, 150, 100, 0, 0, 0, 0, 0, 1

 900, 200, 1, 1, 1,  30,   0, 0, 0, 0, 0, 1, 1
 900, 200, 1, 1, 2, 150,   0, 0, 0, 0, 0, 0, 1
1000, 200, 1, 1, 2,  30,   0, 0, 0, 0, 0, 0, 1
1000, 200, 1, 1, 1, 150,   0, 0, 0, 0, 0, 0, 1
1100, 200, 1, 1, 2, 150,  25, 0, 0, 0, 2, 0, 1
1125, 200, 1, 1, 1, 132,  25, 0, 0, 0, 0, 0, 1
1150, 200, 1, 1, 2, 115,  25, 0, 0, 0, 0, 0, 1
1175, 200, 1, 1, 1,  98,   0, 0, 0, 0, 0, 0, 1
1200, 200, 1, 1, 2,  81,  25, 0, 0, 0, 0, 0, 1
1225, 200, 1, 1, 1,  64,  25, 0, 0, 0, 0, 0, 1
1250, 200, 1, 1, 2,  47,  25, 0, 0, 0, 0, 0, 1
1275, 200, 1, 1, 1,  30,   0, 0, 0, 0, 3, 0, 1

1300, 200, 1, 1, 2,  60,  25, 0, 0, 0, 1, 1, 1
1325, 200, 1, 1, 1,  30,  25, 0, 0, 0, 0, 0, 1
1350, 200, 1, 1, 2,  30,  25, 0, 0, 0, 0, 0, 1
1375, 200, 1, 1, 1,  90,   0, 0, 0, 0, 0, 0, 1
1400, 200, 1, 1, 2,  30,  25, 0, 0, 0, 0, 0, 1
1425, 200, 1, 1, 1,  30,  25, 0, 0, 0, 0, 0, 1
1450, 200, 1, 1, 2, 120,  25, 0, 0, 0, 0, 0, 1
1475, 200, 1, 1, 1,  30,   0, 0, 0, 0, 0, 0, 1
1500, 200, 1, 1, 2,  30,  25, 0, 0, 0, 0, 0, 1
1525, 200, 1, 1, 1, 150,  25, 0, 0, 0, 0, 0, 1
1550, 200, 1, 1, 2,  30,  25, 0, 0, 0, 0, 0, 1
1575, 200, 1, 1, 1,  30,   0, 0, 0, 0, 3, 0, 1
1600, 200, 1, 1, 2, 150,  25, 0, 0, 0, 0, 0, 1
1625, 200, 1, 1, 1, 150,  25, 0, 0, 0, 0, 0, 1
1650, 200, 1, 1, 2, 150,  25, 0, 0, 0, 0, 0, 1
1675, 200, 1, 1, 1, 150,   0, 0, 0, 0, 0, 0, 1

1700, 200, 1, 1, 2, 150,  50, 0, 0, 0, 0, 1, 1
1733, 200, 1, 0, 0,   0,   0, 1, 3, 3, 0, 0, 1
1750, 200, 1, 1, 1,  30,  25, 0, 0, 0, 1, 0, 1
1767, 200, 1, 1, 2,  30,  25, 0, 0, 0, 0, 0, 1
1783, 200, 1, 1, 2,  30,   0, 0, 0, 0, 0, 0, 1
1800, 200, 1, 1, 1,  30,  50, 0, 0, 0, 0, 0, 1
1833, 200, 1, 0, 0,   0,   0, 1, 3, 3, 0, 0, 1
1850, 200, 1, 1, 1,  70,  25, 0, 0, 0, 0, 0, 1
1867, 200, 1, 1, 2,  70,  25, 0, 0, 0, 0, 0, 1
1883, 200, 1, 1, 2,  70,   0, 0, 0, 0, 0, 0, 1
1900, 200, 1, 1, 1,  70,  50, 0, 0, 0, 0, 0, 1
1933, 200, 1, 0, 0,   0,   0, 1, 3, 3, 0, 0, 1
1950, 200, 1, 1, 1, 110,  25, 0, 0, 0, 0, 0, 1
1967, 200, 1, 1, 2, 110,  25, 0, 0, 0, 0, 0, 1
1983, 200, 1, 1, 2, 110,   0, 0, 0, 0, 3, 0, 1
2000, 200, 1, 1, 1, 150,  50, 0, 0, 0, 0, 0, 1
2050, 200, 1, 1, 1, 150,   0, 0, 0, 0, 0, 0, 1

2100, 200, 1, 1, 2, 150,  50, 0, 0, 0, 0, 1, 1
2120, 200, 1, 0, 0,  30,   0, 0, 0, 0, 0, 0, 1
2140, 200, 1, 1, 1,  30,  25, 0, 0, 0, 0, 0, 1
2160, 200, 1, 1, 1,  30,  25, 1, 5, 5, 0, 0, 1
2180, 200, 1, 1, 2,  30,  25, 0, 0, 0, 0, 0, 1
2200, 200, 1, 1, 2,  30,  25, 0, 0, 0, 0, 0, 1
2220, 200, 1, 1, 1,  30,  25, 0, 0, 0, 0, 0, 1
2240, 200, 1, 1, 1,  30,  25, 0, 0, 0, 0, 0, 1
2260, 200, 1, 1, 2,  30,  25, 0, 0, 0, 0, 0, 1
2280, 200, 1, 1, 2,  30,   0, 0, 0, 0, 0, 0, 1
2300, 200, 1, 1, 1,  30,  25, 0, 0, 0, 0, 0, 1
2320, 200, 1, 1, 1,  30,  25, 0, 0, 0, 0, 0, 1
2340, 200, 1, 1, 2,  30,  25, 0, 0, 0, 0, 0, 1
2360, 200, 1, 1, 2,  30,  25, 1, 5, 5, 0, 0, 1
2380, 200, 1, 1, 1,  30,  25, 0, 0, 0, 0, 0, 1
2400, 200, 1, 1, 1,  30,  25, 0, 0, 0, 0, 0, 1
2420, 200, 1, 1, 2,  30,  25, 0, 0, 0, 0, 0, 1
2440, 200, 1, 1, 2,  30,  25, 0, 0, 0, 0, 0, 1
2460, 200, 1, 1, 1,  30,  25, 0, 0, 0, 0, 0, 1
2480, 200, 1, 1, 1,  30,   0, 0, 0, 0, 0, 0, 1

2500, 200, 1, 1, 2,  30,  25, 0, 0, 0, 1, 1, 1
2520, 200, 1, 1, 2,  30,  25, 0, 0, 0, 0, 0, 1
2540, 200, 1, 1, 1,  54,  25, 0, 0, 0, 0, 0, 1
2560, 200, 1, 1, 1,  54,  25, 1, 5, 5, 0, 0, 1
2580, 200, 1, 1, 2,  78,  25, 0, 0, 0, 0, 0, 1
2600, 200, 1, 1, 2,  78,  25, 0, 0, 0, 0, 0, 1
2620, 200, 1, 1, 1, 102,  25, 0, 0, 0, 0, 0, 1
2640, 200, 1, 1, 1, 102,  25, 0, 0, 0, 0, 0, 1
2660, 200, 1, 1, 2, 126,  25, 0, 0, 0, 0, 0, 1
2680, 200, 1, 1, 2, 126,   0, 0, 0, 0, 3, 0, 1
2700, 200, 1, 1, 1, 150,  50, 1, 3, 3, 0, 0, 1
2733, 200, 1, 1, 2,  30,  50, 0, 0, 0, 0, 0, 1
2767, 200, 1, 1, 2,  30,   0, 0, 0, 0, 0, 0, 1
2767, 200, 1, 1, 1, 150,   0, 0, 0, 0, 0, 0, 1
2800, 200, 1, 1, 1, 120,  50, 2, 3, 3, 0, 0, 1
2833, 200, 1, 1, 1,  30,  50, 0, 0, 0, 0, 0, 1
2833, 200, 1, 1, 2, 150,  50, 0, 0, 0, 0, 0, 1
2867, 200, 1, 1, 2, 120,   0, 0, 0, 0, 0, 0, 1

2900, 200, 1, 1, 2,  30,  25, 0, 0, 0, 0, 1, 1
2900, 200, 1, 1, 1, 150,  25, 0, 0, 0, 0, 0, 1
2925, 200, 1, 1, 1, 150,  25, 0, 0, 0, 0, 0, 1
2950, 200, 1, 1, 2,  30,  25, 0, 0, 0, 0, 0, 1
2975, 200, 1, 1, 2,  30,   0, 0, 0, 0, 0, 0, 1
3000, 200, 1, 1, 1,  30,  25, 0, 0, 0, 0, 0, 1
3025, 200, 1, 1, 1,  30,  25, 0, 0, 0, 0, 0, 1
3050, 200, 1, 1, 2,  30,  25, 0, 0, 0, 0, 0, 1
3075, 200, 1, 1, 2,  30,   0, 0, 0, 0, 0, 0, 1
3100, 200, 1, 1, 1,  30,  25, 1, 3, 3, 1, 0, 1
3117, 200, 1, 1, 1,  50,  25, 0, 0, 0, 0, 0, 1
3133, 200, 1, 1, 2,  70,  25, 0, 0, 0, 0, 0, 1
3150, 200, 1, 1, 2,  90,  25, 0, 0, 0, 0, 0, 1
3167, 200, 1, 1, 1, 110,  25, 0, 0, 0, 0, 0, 1
3183, 200, 1, 1, 1, 130,   0, 0, 0, 0, 3, 0, 1
3200, 200, 2, 1, 2, 150,   0, 0, 0, 0, 0, 0, 1

3300, 200, 1, 1, 2,  30,  50, 0, 0, 0, 0, 1, 1
3300, 200, 1, 1, 1, 150,  50, 0, 0, 0, 0, 0, 1
3350, 200, 1, 1, 2,  30,  25, 0, 0, 0, 0, 0, 1
3375, 200, 1, 1, 1, 150,   0, 0, 0, 0, 0, 0, 1
3400, 200, 1, 1, 2,  30,  50, 0, 0, 0, 0, 0, 1
3450, 200, 1, 1, 2,  30,   0, 0, 0, 0, 0, 0, 1
3450, 200, 1, 1, 1, 150,   0, 0, 0, 0, 0, 0, 1
3500, 200, 1, 1, 2,  30,  25, 0, 0, 0, 0, 0, 1
3525, 200, 1, 1, 1, 150,  50, 0, 0, 0, 0, 0, 1
3550, 200, 1, 1, 2,  30,   0, 0, 0, 0, 0, 0, 1
3600, 200, 1, 1, 2,  30,  50, 0, 0, 0, 0, 0, 1
3600, 200, 1, 1, 1, 150,  50, 1, 3, 3, 0, 0, 1
3633, 200, 1, 1, 1,  90,  50, 0, 0, 0, 0, 0, 1
3667, 200, 1, 1, 1,  30,   0, 0, 0, 0, 0, 0, 1

3700, 200, 1, 1, 2, 150,  25, 0, 0, 0, 0, 1, 1
3725, 200, 1, 1, 1, 150,  25, 0, 0, 0, 0, 0, 1
3750, 200, 1, 1, 2,  30,  25, 0, 0, 0, 0, 0, 1
3775, 200, 1, 1, 1,  30,   0, 0, 0, 0, 0, 0, 1
3800, 200, 1, 1, 2,  30,  25, 0, 0, 0, 0, 0, 1
3825, 200, 1, 1, 1,  30,  25, 0, 0, 0, 0, 0, 1
3850, 200, 1, 1, 2,  30,  25, 0, 0, 0, 0, 0, 1
3875, 200, 1, 1, 1,  30,   0, 0, 0, 0, 0, 0, 1
3900, 200, 1, 1, 2,  30,  50, 0, 0, 0, 0, 0, 1
3950, 200, 1, 2, 1, 150,  50, 0, 0, 0, 0, 0, 1
4000, 200, 1, 2, 2, 150,  50, 0, 0, 0, 0, 0, 1
4050, 200, 1, 1, 1, 150,   0, 0, 0, 0, 0, 0, 1

4100, 200, 1, 1, 2, 150,  50, 1, 3, 3, 0, 1, 1
4117, 200, 1, 0, 0, 150,   0, 0, 0, 0, 0, 0, 1
4133, 200, 1, 1, 1, 140,  25, 0, 0, 0, 0, 0, 1
4150, 200, 1, 1, 1, 140,  25, 0, 0, 0, 0, 0, 1
4167, 200, 1, 1, 2, 130,  25, 0, 0, 0, 0, 0, 1
4183, 200, 1, 1, 2, 130,   0, 0, 0, 0, 0, 0, 1
4200, 200, 1, 1, 1, 120,  25, 1, 3, 3, 0, 0, 1
4217, 200, 1, 1, 1, 120,  25, 0, 0, 0, 0, 0, 1
4233, 200, 1, 1, 2, 110,  25, 0, 0, 0, 0, 0, 1
4250, 200, 1, 1, 2, 110,  25, 0, 0, 0, 0, 0, 1
4267, 200, 1, 1, 1, 100,  25, 0, 0, 0, 0, 0, 1
4283, 200, 1, 1, 1, 100,   0, 0, 0, 0, 0, 0, 1
4300, 200, 1, 1, 2,  90,  25, 1, 3, 3, 0, 0, 1
4317, 200, 1, 1, 2,  90,  25, 0, 0, 0, 0, 0, 1
4333, 200, 1, 1, 1,  80,  25, 0, 0, 0, 0, 0, 1
4350, 200, 1, 1, 1,  80,  25, 0, 0, 0, 0, 0, 1
4367, 200, 1, 1, 2,  70,  25, 0, 0, 0, 0, 0, 1
4383, 200, 1, 1, 2,  70,   0, 0, 0, 0, 0, 0, 1
4400, 200, 1, 1, 1,  60,  25, 1, 3, 3, 0, 0, 1
4417, 200, 1, 1, 1,  60,  25, 0, 0, 0, 0, 0, 1
4433, 200, 1, 1, 2,  50,  25, 0, 0, 0, 0, 0, 1
4450, 200, 1, 1, 2,  50,  25, 0, 0, 0, 0, 0, 1
4467, 200, 1, 1, 1,  40,  25, 0, 0, 0, 0, 0, 1
4483, 200, 1, 1, 1,  40,   0, 0, 0, 0, 0, 0, 1

4500, 200, 1, 1, 2,  30,  25, 1, 3, 3, 0, 0, 1
4517, 200, 1, 1, 2,  30,  25, 0, 0, 0, 0, 0, 1
4533, 200, 1, 1, 1,  30,  25, 0, 0, 0, 0, 0, 1
4550, 200, 1, 1, 1,  30,  25, 0, 0, 0, 0, 0, 1
4567, 200, 1, 1, 2,  30,  25, 0, 0, 0, 0, 0, 1
4583, 200, 1, 1, 2,  30,   0, 0, 0, 0, 0, 0, 1
4600, 200, 1, 1, 1,  30,  25, 1, 3, 3, 0, 0, 1
4617, 200, 1, 1, 1,  30,  25, 0, 0, 0, 0, 0, 1
4633, 200, 1, 1, 2,  30,  25, 0, 0, 0, 0, 0, 1
4650, 200, 1, 1, 2,  30,  25, 0, 0, 0, 0, 0, 1
4667, 200, 1, 1, 1,  30,  25, 0, 0, 0, 0, 0, 1
4683, 200, 1, 1, 1,  30,   0, 0, 0, 0, 0, 0, 1
4700, 200, 1, 3, 2,  30,  50, 0, 0, 0, 0, 0, 1
4750, 200, 1, 1, 1,  30,  50, 0, 0, 0, 0, 0, 1
4800, 200, 1, 1, 1,  30,  50, 0, 0, 0, 0, 0, 1
4850, 200, 1, 1, 1,  30,   0, 0, 0, 0, 0, 0, 1

4900, 200, 1, 1, 2,  90,  25, 1, 6, 3, 0, 1, 1
4917, 200, 1, 1, 1,  90,  25, 0, 0, 0, 0, 0, 1
4933, 200, 1, 1, 2,  30,  25, 0, 0, 0, 0, 0, 1
4950, 200, 1, 1, 2,  30,  25, 0, 0, 0, 0, 0, 1
4967, 200, 1, 1, 1,  30,  25, 0, 0, 0, 0, 0, 1
4983, 200, 1, 1, 1,  30,   0, 0, 0, 0, 0, 0, 1
5000, 200, 1, 1, 2,  30,  25, 1, 3, 3, 0, 0, 1
5017, 200, 1, 1, 2,  30,  25, 0, 0, 0, 0, 0, 1
5033, 200, 1, 1, 1,  30,  25, 0, 0, 0, 0, 0, 1
5050, 200, 1, 1, 1,  30,  25, 0, 0, 0, 0, 0, 1
5067, 200, 1, 1, 2,  30,  25, 0, 0, 0, 0, 0, 1
5083, 200, 1, 1, 2,  30,   0, 0, 0, 0, 0, 0, 1
5100, 200, 1, 1, 1,  30,  25, 1, 3, 3, 0, 0, 1
5117, 200, 1, 1, 1,  30,  25, 0, 0, 0, 0, 0, 1
5133, 200, 1, 1, 2,  30,  25, 0, 0, 0, 0, 0, 1
5150, 200, 1, 1, 2,  30,  25, 0, 0, 0, 0, 0, 1
5167, 200, 1, 1, 1,  30,  25, 0, 0, 0, 0, 0, 1
5183, 200, 1, 1, 1,  30,   0, 0, 0, 0, 0, 0, 1
5200, 200, 1, 1, 2,  30,  25, 1, 3, 3, 0, 0, 1
5217, 200, 1, 1, 2,  30,  25, 0, 0, 0, 0, 0, 1
5233, 200, 1, 1, 1,  30,  25, 0, 0, 0, 0, 0, 1
5250, 200, 1, 1, 1,  30,  25, 0, 0, 0, 0, 0, 1
5267, 200, 1, 1, 2,  30,  25, 0, 0, 0, 0, 0, 1
5283, 200, 1, 1, 2,  30,   0, 0, 0, 0, 0, 0, 1

5300, 200, 1, 1, 1,  30,  25, 1, 3, 3, 1, 1, 1
5317, 200, 1, 1, 1,  30,  25, 0, 0, 0, 0, 0, 1
5333, 200, 1, 1, 2,  43,  25, 0, 0, 0, 0, 0, 1
5350, 200, 1, 1, 2,  43,  25, 0, 0, 0, 0, 0, 1
5367, 200, 1, 1, 1,  56,  25, 0, 0, 0, 0, 0, 1
5383, 200, 1, 1, 1,  56,   0, 0, 0, 0, 0, 0, 1
5400, 200, 1, 1, 2,  69,  25, 1, 3, 3, 0, 0, 1
5417, 200, 1, 1, 2,  69,  25, 0, 0, 0, 0, 0, 1
5433, 200, 1, 1, 1,  82,  25, 0, 0, 0, 0, 0, 1
5450, 200, 1, 1, 1,  82,  25, 0, 0, 0, 0, 0, 1
5467, 200, 1, 1, 2,  95,  25, 0, 0, 0, 0, 0, 1
5483, 200, 1, 1, 2,  95,   0, 0, 0, 0, 0, 0, 1
5500, 200, 1, 1, 1, 108,  25, 1, 3, 3, 0, 0, 1
5517, 200, 1, 1, 1, 108,  25, 0, 0, 0, 0, 0, 1
5533, 200, 1, 1, 2, 121,  25, 0, 0, 0, 0, 0, 1
5550, 200, 1, 1, 2, 121,  25, 0, 0, 0, 0, 0, 1
5567, 200, 1, 1, 1, 134,  25, 0, 0, 0, 0, 0, 1
5583, 200, 1, 1, 1, 134,   0, 0, 0, 0, 0, 0, 1
5600, 200, 1, 1, 2, 150,  50, 0, 0, 0, 0, 0, 1
5650, 200, 1, 1, 1, 150,   0, 0, 0, 0, 3, 0, 1

5700, 200, 1, 1, 2, 150,  25, 0, 0, 0, 0, 1, 1
5725, 200, 1, 1, 1, 150,  25, 0, 0, 0, 0, 0, 1
5750, 200, 1, 1, 2,  30,  25, 0, 0, 0, 0, 0, 1
5775, 200, 1, 1, 2,  30,   0, 0, 0, 0, 0, 0, 1
5800, 200, 1, 1, 1,  30,  25, 0, 0, 0, 0, 0, 1
5825, 200, 1, 1, 1,  30,  25, 0, 0, 0, 0, 0, 1
5850, 200, 1, 1, 2,  30,  25, 0, 0, 0, 0, 0, 1
5875, 200, 1, 1, 2,  30,   0, 0, 0, 0, 0, 0, 1
5900, 200, 1, 1, 1,  30,  25, 0, 0, 0, 1, 0, 1
5925, 200, 1, 1, 1,  50,  25, 0, 0, 0, 0, 0, 1
5950, 200, 1, 1, 2,  70,  25, 0, 0, 0, 0, 0, 1
5975, 200, 1, 1, 2,  90,   0, 0, 0, 0, 0, 0, 1
6000, 200, 1, 1, 1, 110,  25, 0, 0, 0, 0, 0, 1
6025, 200, 1, 1, 1, 130,  25, 0, 0, 0, 0, 0, 1
6050, 200, 1, 1, 2, 150,  25, 0, 0, 0, 0, 0, 1
6075, 200, 1, 1, 2, 150,   0, 0, 0, 0, 3, 0, 1

6100, 200, 1, 1, 1, 150,  50, 0, 0, 0, 0, 1, 1
6150, 200, 1, 1, 2,  30,   0, 0, 0, 0, 0, 0, 1
6200, 200, 1, 1, 2,  30,  50, 0, 0, 0, 0, 0, 1
6250, 200, 1, 1, 1,  30,  25, 0, 0, 0, 0, 0, 1
6275, 200, 1, 1, 1,  30,   0, 0, 0, 0, 0, 0, 1
6300, 200, 1, 1, 2, 150,  50, 0, 0, 0, 0, 0, 1
6350, 200, 1, 1, 2,  30,  50, 0, 0, 0, 0, 0, 1
6400, 200, 1, 1, 2,  30,  50, 0, 0, 0, 0, 0, 1
6450, 200, 1, 1, 2,  30,   0, 0, 0, 0, 1, 0, 1

6500, 200, 1, 1, 1, 150,  50, 1,53, 7, 0, 1, 1
6530, 200, 1, 1, 1, 120,  50, 0, 0, 0, 0, 0, 1
6560, 200, 1, 1, 1,  90,  50, 0, 0, 0, 0, 0, 1
6590, 200, 1, 1, 2, 150,  50, 0, 0, 0, 0, 0, 1
6600, 200, 1, 0, 0,   0,   0, 0, 0, 0, 0, 0, 1
6620, 200, 1, 1, 2, 120,   0, 0, 0, 0, 0, 0, 1
6650, 200, 1, 1, 1, 150,  50, 1,53, 7, 0, 0, 1
6680, 200, 1, 1, 1, 120,  50, 0, 0, 0, 0, 0, 1
6700, 200, 1, 0, 0,   0,   0, 0, 0, 0, 0, 0, 1
6710, 200, 1, 1, 1,  90,  50, 0, 0, 0, 0, 0, 1
6740, 200, 1, 1, 2, 150,  50, 0, 0, 0, 0, 0, 1
6770, 200, 1, 1, 2, 120,   0, 0, 0, 0, 0, 0, 1
6800, 200, 1, 1, 1, 150,   0, 0, 0, 0, 0, 0, 1

6900, 200, 1, 1, 2, 150,  25, 0, 0, 0, 0, 1, 1
6925, 200, 1, 1, 1, 150,  25, 0, 0, 0, 0, 0, 1
6950, 200, 1, 1, 2,  90,  25, 0, 0, 0, 0, 0, 1
6975, 200, 1, 1, 1,  90,   0, 0, 0, 0, 0, 0, 1
7000, 200, 1, 1, 2,  30,  25, 0, 0, 0, 0, 0, 1
7025, 200, 1, 1, 1,  30,  25, 0, 0, 0, 0, 0, 1
7050, 200, 1, 1, 2,  30,  25, 0, 0, 0, 0, 0, 1
7075, 200, 1, 1, 1,  30,   0, 0, 0, 0, 0, 0, 1
7100, 200, 1, 1, 2,  30,   0, 0, 0, 0, 0, 0, 1

7200, 200, 1, 1, 2,  30,  25, 0, 0, 0, 0, 1, 1
7200, 200, 1, 1, 1, 150,  25, 0, 0, 0, 0, 0, 1
7225, 200, 1, 1, 1, 150,  25, 0, 0, 0, 0, 0, 1
7250, 200, 1, 1, 2,  30,  25, 0, 0, 0, 0, 0, 1
7275, 200, 1, 1, 2,  30,   0, 0, 0, 0, 0, 0, 1
7300, 200, 1, 1, 1,  30,  25, 0, 0, 0, 0, 0, 1
7325, 200, 1, 1, 1,  30,  25, 0, 0, 0, 0, 0, 1
7350, 200, 1, 1, 2,  30,  25, 0, 0, 0, 0, 0, 1
7375, 200, 1, 1, 2,  30,   0, 0, 0, 0, 0, 0, 1
7400, 200, 1, 1, 1,  30,  25, 0, 0, 0, 0, 0, 1
7425, 200, 1, 1, 1,  30,  25, 0, 0, 0, 0, 0, 1
7450, 200, 1, 1, 2,  30,  25, 0, 0, 0, 0, 0, 1
7475, 200, 1, 1, 2,  30,   0, 0, 0, 0, 0, 0, 1

7500, 200, 1, 4, 1,  30,  50, 0, 0, 0, 0, 1, 1
7550, 200, 1, 1, 2,  30,  25, 0, 0, 0, 0, 0, 1
7575, 200, 1, 1, 1,  30,   0, 0, 0, 0, 0, 0, 1
7600, 200, 1, 1, 2,  30,  25, 0, 0, 0, 0, 0, 1
7625, 200, 1, 1, 2,  30,  50, 0, 0, 0, 0, 0, 1
7650, 200, 1, 4, 1,  30,   0, 0, 0, 0, 0, 0, 1
7700, 200, 1, 1, 2,  30,  25, 0, 0, 0, 0, 0, 1
7725, 200, 1, 1, 1,  30,  25, 0, 0, 0, 0, 0, 1
7750, 200, 1, 1, 2,  30,  25, 0, 0, 0, 0, 0, 1
7775, 200, 1, 1, 2,  30,   0, 0, 0, 0, 0, 0, 1
7800, 200, 1, 4, 1,  30,   0, 0, 0, 0, 0, 0, 1

7900, 200, 1, 1, 2,  30,  50, 0, 0, 0, 0, 1, 1
7950, 200, 1, 1, 2,  30,  50, 0, 0, 0, 0, 0, 1
8000, 200, 1, 1, 2,  30,  50, 0, 0, 0, 0, 0, 1
8050, 200, 1, 1, 2,  30,   0, 0, 0, 0, 0, 0, 1
8100, 200, 1, 1, 2, 150,  25, 0, 0, 0, 0, 0, 1
8125, 200, 1, 1, 2,  90,  50, 0, 0, 0, 0, 0, 1
8150, 200, 1, 1, 2,  30,   0, 0, 0, 0, 0, 0, 1
8200, 200, 1, 1, 2,  30,  50, 0, 0, 0, 0, 0, 1
8250, 200, 1, 1, 2, 150,  25, 0, 0, 0, 0, 0, 1
8275, 200, 1, 1, 2,  90,   0, 0, 0, 0, 0, 0, 1

8300, 200, 1, 1, 2,  30,  50, 0, 0, 0, 0, 1, 1
8350, 200, 1, 4, 1,  30,   0, 0, 0, 0, 0, 0, 1
8400, 200, 1, 1, 2, 150,  25, 0, 0, 0, 0, 0, 1
8425, 200, 1, 1, 2,  90,  50, 0, 0, 0, 0, 0, 1
8450, 200, 1, 1, 2,  30,   0, 0, 0, 0, 0, 0, 1
8500, 200, 1, 1, 1,  30,  50, 0, 0, 0, 0, 0, 1
8550, 200, 1, 2, 2, 150,  50, 0, 0, 0, 0, 0, 1
8600, 200, 1, 1, 1,  30,  50, 0, 0, 0, 0, 0, 1
8650, 200, 1, 1, 1,  30,   0, 0, 0, 0, 0, 0, 1

8700, 200, 1, 1, 2, 150,  25, 0, 0, 0, 0, 1, 1
8725, 200, 1, 1, 1,  30,  25, 0, 0, 0, 0, 0, 1
8750, 200, 1, 1, 2,  30,  25, 0, 0, 0, 0, 0, 1
8775, 200, 1, 1, 2,  30,   0, 0, 0, 0, 0, 0, 1
8800, 200, 1, 1, 1,  30,  25, 0, 0, 0, 0, 0, 1
8825, 200, 1, 1, 1,  30,  25, 0, 0, 0, 0, 0, 1
8850, 200, 1, 1, 2,  30,  25, 0, 0, 0, 0, 0, 1
8875, 200, 1, 1, 2,  30,   0, 0, 0, 0, 0, 0, 1
8900, 200, 1, 1, 1, 150,  25, 0, 0, 0, 0, 0, 1
8925, 200, 1, 1, 2,  30,  25, 0, 0, 0, 0, 0, 1
8950, 200, 1, 1, 2,  30,  25, 0, 0, 0, 0, 0, 1
8975, 200, 1, 1, 1, 150,   0, 0, 0, 0, 0, 0, 1
9000, 200, 1, 1, 2,  30,  25, 0, 0, 0, 0, 0, 1
9025, 200, 1, 1, 2,  30,  25, 0, 0, 0, 0, 0, 1
9050, 200, 1, 1, 1, 150,  25, 0, 0, 0, 0, 0, 1
9075, 200, 1, 1, 1, 150,   0, 0, 0, 0, 0, 0, 1

9100, 200, 1, 2, 2, 150,   0, 0, 0, 0, 0, 1, 1
9200, 200, 1, 0, 0, 150, 100, 0, 0, 0, 0, 0, 1
9300, 200, 1, 0, 0, 150, 100, 0, 0, 0, 0, 0, 1
9400, 200, 1, 0, 0, 150, 100, 0, 0, 0, 0, 0, 1

9500, 200, 1, 1, 2, 150,  50, 0, 0, 0, 0, 1, 1
9500, 200, 1, 1, 1, 150,  50, 0, 0, 0, 0, 0, 1
9550, 200, 1, 1, 2, 150,  25, 0, 0, 0, 0, 0, 1
9575, 200, 1, 1, 2, 150,   0, 0, 0, 0, 0, 0, 1
9600, 200, 1, 1, 1, 150,  50, 0, 0, 0, 0, 0, 1
9650, 200, 1, 1, 2, 150,   0, 0, 0, 0, 0, 0, 1
9650, 200, 1, 1, 1, 150,   0, 0, 0, 0, 0, 0, 1
9700, 200, 1, 1, 2, 150,  25, 0, 0, 0, 0, 0, 1
9725, 200, 1, 1, 2, 150,  50, 0, 0, 0, 0, 0, 1
9750, 200, 1, 1, 1, 150,   0, 0, 0, 0, 0, 0, 1
9800, 200, 1, 1, 2, 150,  25, 0, 0, 0, 0, 0, 1
9825, 200, 1, 1, 2,  90,  25, 0, 0, 0, 0, 0, 1
9850, 200, 1, 1, 2,  30,  25, 0, 0, 0, 0, 0, 1
9875, 200, 1, 1, 1, 150,   0, 0, 0, 0, 0, 0, 1

9900, 200, 1, 1, 2, 150,  50, 1, 3, 3, 0, 1, 1
9917, 200, 1, 0, 0,   0,   0, 0, 0, 0, 0, 0, 1
9933, 200, 1, 1, 1,  30,  25, 0, 0, 0, 0, 0, 1
9950, 200, 1, 1, 1,  30,  25, 0, 0, 0, 0, 0, 1
9967, 200, 1, 1, 2,  30,  25, 0, 0, 0, 0, 0, 1
9983, 200, 1, 1, 2,  30,   0, 1, 3, 3, 0, 0, 1
10000, 200, 1, 1, 1,  30,  25, 0, 0, 0, 0, 0, 1
10017, 200, 1, 1, 1,  30,  25, 0, 0, 0, 0, 0, 1
10033, 200, 1, 1, 2,  30,  25, 0, 0, 0, 0, 0, 1
10050, 200, 1, 1, 2,  30,  50, 0, 0, 0, 0, 0, 1
10067, 200, 1, 1, 1, 150,   0, 0, 0, 0, 0, 0, 1
10083, 200, 1, 0, 0,   0,   0, 0, 0, 0, 0, 0, 1
10100, 200, 1, 1, 2,  30,  25, 1, 3, 3, 0, 0, 1
10117, 200, 1, 1, 2,  30,  25, 0, 0, 0, 0, 0, 1
10133, 200, 1, 1, 1,  30,  25, 0, 0, 0, 0, 0, 1
10150, 200, 1, 1, 1,  30,  25, 0, 0, 0, 0, 0, 1
10167, 200, 1, 1, 2,  30,  25, 0, 0, 0, 0, 0, 1
10183, 200, 1, 1, 2,  30,   0, 0, 0, 0, 0, 0, 1
10200, 200, 1, 1, 1,  30,  25, 2, 3, 3, 0, 0, 1
10217, 200, 1, 1, 1,  30,  50, 0, 0, 0, 0, 0, 1
10233, 200, 1, 1, 2, 150,  50, 0, 0, 0, 0, 0, 1
10250, 200, 1, 0, 0,   0,   0, 0, 0, 0, 0, 0, 1
10267, 200, 1, 1, 1, 150,   0, 0, 0, 0, 0, 0, 1
10283, 200, 1, 0, 0,   0,   0, 0, 0, 0, 0, 0, 1

10300, 200, 1, 2, 2, 150,   0, 0, 0, 0, 0, 1, 1
10400, 200, 1, 1, 2,  30,   0, 0, 0, 0, 0, 0, 1
10400, 200, 1, 1, 1, 150,   0, 0, 0, 0, 0, 0, 1

10500, 200, 1, 1, 2, 150,  50, 1, 3, 3, 0, 1, 1
10517, 200, 1, 0, 0,   0,   0, 0, 0, 0, 0, 0, 1
10533, 200, 1, 1, 1, 140,  25, 0, 0, 0, 0, 0, 1
10550, 200, 1, 1, 1, 140,  25, 0, 0, 0, 0, 0, 1
10567, 200, 1, 1, 2, 130,  25, 0, 0, 0, 0, 0, 1
10583, 200, 1, 1, 2, 130,   0, 0, 0, 0, 0, 0, 1
10600, 200, 1, 1, 1, 120,  25, 1, 3, 3, 0, 0, 1
10617, 200, 1, 1, 1, 120,  25, 0, 0, 0, 0, 0, 1
10633, 200, 1, 1, 2, 110,  25, 0, 0, 0, 0, 0, 1
10650, 200, 1, 1, 2, 110,  25, 0, 0, 0, 0, 0, 1
10667, 200, 1, 1, 1, 100,  25, 0, 0, 0, 0, 0, 1
10683, 200, 1, 1, 1, 100,   0, 0, 0, 0, 0, 0, 1
10700, 200, 1, 1, 2,  90,  25, 1, 3, 3, 0, 0, 1
10717, 200, 1, 1, 2,  90,  25, 0, 0, 0, 0, 0, 1
10733, 200, 1, 1, 1,  80,  25, 0, 0, 0, 0, 0, 1
10750, 200, 1, 1, 1,  80,  25, 0, 0, 0, 0, 0, 1
10767, 200, 1, 1, 2,  70,  25, 0, 0, 0, 0, 0, 1
10783, 200, 1, 1, 2,  70,   0, 0, 0, 0, 0, 0, 1
10800, 200, 1, 1, 1,  60,  25, 1, 3, 3, 0, 0, 1
10817, 200, 1, 1, 1,  60,  25, 0, 0, 0, 0, 0, 1
10833, 200, 1, 1, 2,  50,  25, 0, 0, 0, 0, 0, 1
10850, 200, 1, 1, 2,  50,  25, 0, 0, 0, 0, 0, 1
10867, 200, 1, 1, 1,  40,  25, 0, 0, 0, 0, 0, 1
10883, 200, 1, 1, 1,  40,   0, 0, 0, 0, 0, 0, 1

10900, 200, 1, 1, 2, 150,  50, 0, 0, 0, 0, 1, 1
10940, 200, 1, 1, 1,  30,  50, 1, 5, 5, 0, 0, 1
10980, 200, 1, 1, 1,  30,  50, 0, 0, 0, 0, 0, 1
10980, 200, 1, 1, 2,  90,  50, 0, 0, 0, 0, 0, 1
11000, 200, 1, 0, 0,   0,   0, 0, 0, 0, 0, 0, 1
11020, 200, 1, 1, 1,  30,  50, 0, 0, 0, 0, 0, 1
11020, 200, 1, 1, 2,  60,  50, 0, 0, 0, 0, 0, 1
11060, 200, 1, 1, 2,  30,   0, 0, 0, 0, 0, 0, 1
11100, 200, 1, 1, 1, 150,  50, 0, 0, 0, 0, 0, 1
11140, 200, 1, 1, 2,  30,  50, 1, 5, 5, 0, 0, 1
11180, 200, 1, 1, 2,  30,  50, 0, 0, 0, 0, 0, 1
11180, 200, 1, 1, 1,  90,  50, 0, 0, 0, 0, 0, 1
11200, 200, 1, 0, 0,   0,   0, 0, 0, 0, 0, 0, 1
11220, 200, 1, 1, 2,  30,  50, 0, 0, 0, 0, 0, 1
11220, 200, 1, 1, 1,  60,  50, 0, 0, 0, 0, 0, 1
11260, 200, 1, 1, 1,  30,   0, 0, 0, 0, 0, 0, 1

11300, 200, 1, 1, 2,  90,  50, 0, 0, 0, 0, 1, 1
11340, 200, 1, 1, 2,  30,  25, 1, 5, 5, 0, 0, 1
11360, 200, 1, 1, 2,  30,  50, 0, 0, 0, 0, 0, 1
11380, 200, 1, 1, 1, 105,  50, 0, 0, 0, 0, 0, 1
11400, 200, 1, 0, 0,   0,   0, 0, 0, 0, 0, 0, 1
11420, 200, 1, 1, 1,  70,  50, 0, 0, 0, 0, 0, 1
11460, 200, 1, 1, 1,  30,   0, 0, 0, 0, 0, 0, 1
11500, 200, 1, 1, 2, 120,  50, 0, 0, 0, 0, 0, 1
11540, 200, 1, 1, 2,  30,  25, 1, 5, 5, 0, 0, 1
11560, 200, 1, 1, 2,  30,  50, 0, 0, 0, 0, 0, 1
11580, 200, 1, 1, 1, 135,  50, 0, 0, 0, 0, 0, 1
11600, 200, 1, 0, 0,   0,   0, 0, 0, 0, 0, 0, 1
11620, 200, 1, 1, 1,  85,  50, 0, 0, 0, 0, 0, 1
11660, 200, 1, 1, 1,  30,   0, 0, 0, 0, 0, 0, 1

11700, 200, 1, 1, 2, 150,  25, 0, 0, 0, 0, 1, 1
11725, 200, 1, 1, 1,  30,  25, 0, 0, 0, 0, 0, 1
11750, 200, 1, 1, 2,  30,  25, 0, 0, 0, 0, 0, 1
11775, 200, 1, 1, 2,  30,   0, 0, 0, 0, 0, 0, 1
11800, 200, 1, 1, 1, 150,  25, 0, 0, 0, 0, 0, 1
11825, 200, 1, 1, 1,  90,  25, 0, 0, 0, 0, 0, 1
11850, 200, 1, 1, 1,  30,  25, 0, 0, 0, 0, 0, 1
11875, 200, 1, 1, 1,  30,   0, 0, 0, 0, 0, 0, 1
11900, 200, 1, 2, 2, 150,  50, 0, 0, 0, 0, 0, 1
11950, 200, 1, 1, 1,  30,  50, 0, 0, 0, 0, 0, 1
12000, 200, 1, 1, 1,  30,  50, 0, 0, 0, 0, 0, 1
12050, 200, 1, 1, 1,  30,   0, 0, 0, 0, 0, 0, 1

12100, 200, 1, 1, 2,  30,  25, 0, 0, 0, 0, 1, 1
12125, 200, 1, 4, 1,  30,  25, 0, 0, 0, 0, 0, 1
12150, 200, 1, 1, 2,  30,  25, 0, 0, 0, 0, 0, 1
12175, 200, 1, 1, 2,  30,   0, 0, 0, 0, 0, 0, 1
12200, 200, 1, 1, 1,  30,  50, 0, 0, 0, 0, 0, 1
12250, 200, 1, 1, 2,  30,  25, 0, 0, 0, 0, 0, 1
12275, 200, 1, 4, 1,  30,   0, 0, 0, 0, 0, 0, 1
12300, 200, 1, 1, 2,  30,  25, 0, 0, 0, 0, 0, 1
12325, 200, 1, 1, 2,  30,  50, 0, 0, 0, 0, 0, 1
12350, 200, 1, 1, 1,  30,   0, 0, 0, 0, 0, 0, 1
12400, 200, 1, 1, 2, 150,  25, 0, 0, 0, 0, 0, 1
12425, 200, 1, 1, 2,  90,  25, 0, 0, 0, 0, 0, 1
12450, 200, 1, 1, 2,  30,  25, 0, 0, 0, 0, 0, 1
12475, 200, 1, 1, 2,  30,   0, 0, 0, 0, 0, 0, 1

12500, 200, 1, 4, 1, 150,  25, 0, 0, 0, 0, 1, 1
12525, 200, 1, 1, 2,  30,  25, 0, 0, 0, 0, 0, 1
12550, 200, 1, 1, 2,  30,  25, 0, 0, 0, 0, 0, 1
12575, 200, 1, 4, 1, 150,   0, 0, 0, 0, 0, 0, 1
12600, 200, 1, 1, 2,  30,  25, 0, 0, 0, 0, 0, 1
12625, 200, 1, 1, 2,  30,  50, 0, 0, 0, 0, 0, 1
12650, 200, 1, 4, 1, 150,   0, 0, 0, 0, 0, 0, 1
12700, 200, 1, 3, 2,  30,   0,21, 3, 3, 0, 0, 1
12767, 200, 1, 3, 2,  30,   0, 0, 0, 0, 0, 0, 1
12800, 200, 1, 0, 0,   0,   0, 0, 0, 0, 0, 0, 1
12833, 200, 1, 3, 2,  30,   0, 0, 0, 0, 0, 0, 1

12900, 200, 1, 1, 1,  30,  50, 0, 0, 0, 0, 1, 1
12950, 200, 1, 1, 1,  30,  50, 0, 0, 0, 0, 0, 1
13000, 200, 1, 1, 1,  30,  50, 0, 0, 0, 0, 0, 1
13050, 200, 1, 1, 1,  30,   0, 0, 0, 0, 0, 0, 1
13100, 200, 1, 1, 2,  30,  25, 1, 3, 3, 0, 0, 1
13117, 200, 1, 1, 2,  30,  25, 0, 0, 0, 0, 0, 1
13133, 200, 1, 1, 1,  30,  25, 0, 0, 0, 0, 0, 1
13150, 200, 1, 1, 1,  30,  25, 0, 0, 0, 0, 0, 1
13167, 200, 1, 1, 2,  30,  25, 0, 0, 0, 0, 0, 1
13183, 200, 1, 1, 2,  30,   0, 0, 0, 0, 0, 0, 1
13200, 200, 1, 1, 1,  30,  25, 1, 3, 3, 0, 0, 1
13217, 200, 1, 1, 1,  30,  25, 0, 0, 0, 0, 0, 1
13233, 200, 1, 1, 2,  30,  25, 0, 0, 0, 0, 0, 1
13250, 200, 1, 1, 2,  30,  25, 0, 0, 0, 0, 0, 1
13267, 200, 1, 1, 1,  30,  25, 0, 0, 0, 0, 0, 1
13283, 200, 1, 1, 1,  30,   0, 0, 0, 0, 0, 0, 1

13300, 600, 1, 2, 2, 150,  51,12, 3, 3, 0, 1, 1
13400, 400, 1, 2, 2, 150,  51, 0, 0, 0, 0, 0, 0
13467, 600, 1, 2, 2, 150,  51, 0, 0, 0, 0, 0, 0
13567, 400, 1, 2, 2, 150,  51,12, 3, 3, 0, 0, 0
13633, 600, 1, 2, 2, 150,  51, 0, 0, 0, 0, 0, 0
13633, 400, 1, 2, 2, 150,  51, 0, 0, 0, 0, 0, 0
13700, 600, 1, 2, 2, 150,   0, 0, 0, 0, 0, 0, 0
14000, 600, 1, 1, 2,  30,   0, 0, 0, 0, 0, 0, 0
14000, 600, 1, 1, 1, 150,   0, 0, 0, 0, 0, 0, 0

#14300, 600, 1, 1, 1,  30,   0, 0, 0, 0, 0, 1, 1
14300, 600, 1, 1, 2, 150,   0, 0, 0, 0, 0, 0, 1
14600, 600, 1, 0, 0,   0, 100, 0, 0, 0, 0, 0, 1
14900, 600, 1, 0, 0,   0, 100, 0, 0, 0, 0, 0, 1
15200, 600, 1, 0, 0,   0, 100, 0, 0, 0, 0, 0, 1

15500, 600, 1, 0, 0,   0,   0, 0, 0, 0, 0, 1, 1
